# dt=0.1 eps=1.0e-6 size_x=64 size_v=128
# x : from 0.0 to 12.566370614359172
# v : from -6.0 to 6.0
# interpolation : Lagrange{BigFloat, true} order=21
#time	el-energy	kinetic-energy	global-energy
0.0	2.5132741126864394e-11	12.566369650622143	12.566369650647275
0.1	2.4819758695057522e-11	12.566369650622457	12.566369650647276
0.2	2.3897928242119936e-11	12.566369650623383	12.56636965064728
0.3	2.241747940538815e-11	12.566369650624868	12.566369650647285
0.4	2.045847227723109e-11	12.566369650626832	12.56636965064729
0.5	1.8125588487509317e-11	12.566369650629172	12.566369650647298
0.6	1.5541367252568465e-11	12.566369650631763	12.566369650647305
0.7	1.2838366415978601e-11	12.566369650634476	12.566369650647314
0.8	1.0150800720307986e-11	12.56636965063717	12.56636965064732
0.9	7.60624029941253e-12	12.566369650639722	12.566369650647328
1.0	5.317939742053916e-12	12.566369650642017	12.566369650647335
1.1	3.3783135210102066e-12	12.56636965064396	12.566369650647339
1.2	1.8539818202495736e-12	12.566369650645488	12.566369650647342
1.3	7.82689365868461e-13	12.56636965064656	12.566369650647344
1.4	1.7225850100295814e-13	12.56636965064717	12.566369650647342
1.5	1.5875468305358783e-15	12.566369650647339	12.56636965064734
1.6	2.2355804040780682e-13	12.566369650647115	12.566369650647339
1.7	7.695808601573508e-13	12.566369650646564	12.566369650647333
1.8	1.55540133879374e-12	12.566369650645774	12.56636965064733
1.9	2.487704945055608e-12	12.566369650644836	12.566369650647323
2.0	3.4710230779994494e-12	12.566369650643848	12.566369650647319
2.1	4.414435078522413e-12	12.566369650642901	12.566369650647315
2.2	5.237596782863089e-12	12.566369650642075	12.566369650647314
2.3	5.875693987985256e-12	12.566369650641434	12.56636965064731
2.4	6.2830147309473206e-12	12.566369650641025	12.566369650647308
2.5	6.434949042066239e-12	12.566369650640873	12.566369650647308
2.6	6.328349346473989e-12	12.566369650640981	12.56636965064731
2.7	5.980309074954333e-12	12.566369650641331	12.566369650647312
2.8	5.425531795865297e-12	12.566369650641889	12.566369650647314
2.9	4.712559904195129e-12	12.566369650642605	12.566369650647317
3.0	3.899203945605124e-12	12.566369650643422	12.56636965064732
3.1	3.047556549521748e-12	12.566369650644276	12.566369650647324
3.2	2.218986688757115e-12	12.566369650645107	12.566369650647326
3.3	1.4694910786141628e-12	12.566369650645859	12.566369650647328
3.4	8.457328457126514e-13	12.566369650646486	12.566369650647331
3.5	3.82028040638421e-13	12.56636965064695	12.566369650647331
3.6	9.845460090664457e-14	12.566369650647234	12.566369650647331
3.7	1.6343000919312163e-16	12.566369650647333	12.566369650647333
3.8	7.787512730206079e-14	12.566369650647253	12.566369650647331
3.9	3.094560795246894e-13	12.56636965064702	12.56636965064733
4.0	6.623907424860763e-13	12.566369650646665	12.566369650647328
4.1	1.096908292257828e-12	12.566369650646228	12.566369650647326
4.2	1.5694850070066214e-12	12.566369650645754	12.566369650647324
4.3	2.0364304598419043e-12	12.566369650645285	12.56636965064732
4.4	2.4572756370176028e-12	12.566369650644862	12.566369650647319
4.5	2.7977124099596762e-12	12.566369650644521	12.566369650647319
4.6	3.0318827925833005e-12	12.566369650644287	12.566369650647319
4.7	3.1438783242661643e-12	12.566369650644173	12.566369650647317
4.8	3.1283791992727354e-12	12.566369650644189	12.566369650647317
4.9	2.9904336056935454e-12	12.566369650644328	12.566369650647317
5.0	2.7444445282746054e-12	12.566369650644575	12.566369650647319
5.1	2.4124890248091727e-12	12.566369650644909	12.56636965064732
5.2	2.0221397052676492e-12	12.566369650645301	12.566369650647323
5.3	1.6039870719108714e-12	12.56636965064572	12.566369650647324
5.4	1.1890731547827263e-12	12.566369650646138	12.566369650647326
5.5	8.064415587322621e-13	12.566369650646521	12.566369650647328
5.6	4.809880200862458e-13	12.566369650646848	12.56636965064733
5.7	2.3176139849583937e-13	12.566369650647097	12.566369650647328
5.8	7.08211325021788e-14	12.566369650647259	12.56636965064733
5.9	2.7075609983814077e-15	12.566369650647326	12.56636965064733
6.0	2.453037055888143e-14	12.566369650647305	12.56636965064733
6.1	1.2663185918348348e-13	12.566369650647202	12.566369650647328
6.2	2.9373936029312045e-13	12.566369650647033	12.566369650647326
6.3	5.064879970210098e-13	12.56636965064682	12.566369650647326
6.4	7.431729956385561e-13	12.566369650646582	12.566369650647324
6.5	9.81581137818293e-13	12.566369650646342	12.566369650647324
6.6	1.2007536090045688e-12	12.566369650646124	12.566369650647324
6.7	1.382546571539872e-12	12.56636965064594	12.566369650647323
6.8	1.5128794858681154e-12	12.56636965064581	12.566369650647323
6.9	1.5825921010081868e-12	12.56636965064574	12.566369650647323
7.0	1.587866294808861e-12	12.566369650645735	12.566369650647323
7.1	1.5302055494137043e-12	12.566369650645793	12.566369650647323
7.2	1.4159998545338476e-12	12.566369650645907	12.566369650647323
7.3	1.2557345960189029e-12	12.566369650646068	12.566369650647324
7.4	1.0629263536198455e-12	12.566369650646262	12.566369650647324
7.5	8.528849718521237e-13	12.566369650646473	12.566369650647326
7.6	6.414089643626946e-13	12.566369650646685	12.566369650647326
7.7	4.435201807009282e-13	12.566369650646884	12.566369650647328
7.8	2.7233431624998996e-13	12.566369650647056	12.566369650647328
7.9	1.3814749937029646e-13	12.56636965064719	12.566369650647328
8.0	4.779753799903956e-14	12.56636965064728	12.566369650647328
8.1	4.333459128007314e-15	12.566369650647324	12.566369650647328
8.2	7.000875636890849e-15	12.56636965064732	12.566369650647328
8.3	5.152557534669204e-14	12.566369650647276	12.566369650647328
8.4	1.3065545607034984e-13	12.566369650647196	12.566369650647328
8.5	2.3490309933224513e-13	12.566369650647092	12.566369650647326
8.6	3.5341901515703565e-13	12.566369650646973	12.566369650647326
8.7	4.749195288614055e-13	12.56636965064685	12.566369650647324
8.8	5.885935239768855e-13	12.566369650646736	12.566369650647324
8.9	6.849184097882662e-13	12.56636965064664	12.566369650647326
9.0	7.563269150964579e-13	12.566369650646568	12.566369650647324
9.1	7.976814416129663e-13	12.566369650646527	12.566369650647324
9.2	8.065303260340324e-13	12.566369650646518	12.566369650647324
9.3	7.831389343575246e-13	12.566369650646541	12.566369650647324
9.4	7.303065360903212e-13	12.566369650646594	12.566369650647324
9.5	6.529960030992996e-13	12.566369650646672	12.566369650647326
9.6	5.578164039367306e-13	12.566369650646768	12.566369650647326
9.7	4.5240768360353035e-13	12.566369650646873	12.566369650647326
9.8	3.447813501530979e-13	12.566369650646982	12.566369650647326
9.9	2.4267132417375423e-13	12.566369650647085	12.566369650647328
10.0	1.5294509397744762e-13	12.566369650647175	12.566369650647328
10.1	8.111762453556889e-14	12.566369650647246	12.566369650647328
10.2	3.099991227655521e-14	12.566369650647296	12.566369650647326
10.3	4.501656140594588e-15	12.566369650647323	12.566369650647328
10.4	1.5943098098621175e-15	12.566369650647326	12.566369650647328
10.5	2.0427869773846225e-14	12.566369650647307	12.566369650647326
10.6	5.758313059156348e-14	12.56636965064727	12.566369650647326
10.7	1.0843163454044415e-13	12.56636965064722	12.566369650647328
10.8	1.675687748140267e-13	12.56636965064716	12.566369650647326
10.9	2.292818459769575e-13	12.566369650647097	12.566369650647326
11.0	2.8801437460194417e-13	12.566369650647038	12.566369650647326
11.1	3.38790652398311e-13	12.566369650646987	12.566369650647326
11.2	3.7756964993431747e-13	12.566369650646948	12.566369650647326
11.3	4.015048418665217e-13	12.566369650646925	12.566369650647326
11.4	4.0909522495177403e-13	12.566369650646918	12.566369650647326
11.5	4.0022219089916644e-13	12.566369650646926	12.566369650647326
11.6	3.760761565163885e-13	12.56636965064695	12.566369650647326
11.7	3.389852396148931e-13	12.566369650646987	12.566369650647326
11.8	2.9216519599752723e-13	12.566369650647035	12.566369650647326
11.9	2.394148458166763e-13	12.566369650647088	12.566369650647328
12.0	1.847840385641869e-13	12.566369650647141	12.566369650647326
12.1	1.3224174472467188e-13	12.566369650647195	12.566369650647326
12.2	8.537021224601481e-14	12.566369650647243	12.566369650647328
12.3	4.7107546537962294e-14	12.56636965064728	12.566369650647328
12.4	1.9555958219701157e-14	12.566369650647308	12.566369650647328
12.5	3.866764362423476e-15	12.566369650647324	12.566369650647328
12.6	2.0656999347791386e-16	12.566369650647328	12.566369650647328
12.7	7.80244744310849e-15	12.566369650647319	12.566369650647326
12.8	2.5057885416589967e-14	12.566369650647303	12.566369650647328
12.9	4.972623657252937e-14	12.566369650647278	12.566369650647328
13.0	7.912468651385412e-14	12.566369650647248	12.566369650647328
13.1	1.1036960865766532e-13	12.566369650647216	12.566369650647326
13.2	1.4061363518809357e-13	12.566369650647186	12.566369650647326
13.3	1.6726580942906033e-13	12.56636965064716	12.566369650647326
13.4	1.8817861529076905e-13	12.566369650647138	12.566369650647326
13.5	2.0178923202446423e-13	12.566369650647125	12.566369650647328
13.6	2.0720669293691568e-13	12.56636965064712	12.566369650647328
13.7	2.0424135020999875e-13	12.566369650647122	12.566369650647326
13.8	1.9337777192622058e-13	12.566369650647133	12.566369650647326
13.9	1.7569655250564923e-13	12.566369650647152	12.566369650647328
14.0	1.5275418548931974e-13	12.566369650647173	12.566369650647326
14.1	1.2643288210415697e-13	12.5663696506472	12.566369650647326
14.2	9.877386202903989e-14	12.566369650647228	12.566369650647328
14.3	7.180813070207657e-14	12.566369650647255	12.566369650647326
14.4	4.739812088952964e-14	12.56636965064728	12.566369650647328
14.5	2.7101931695230287e-14	12.566369650647301	12.566369650647328
14.6	1.2069434203066463e-14	12.566369650647315	12.566369650647328
14.7	2.976470844738357e-15	12.566369650647324	12.566369650647328
14.8	2.7546344770893993e-20	12.566369650647328	12.566369650647328
14.9	2.833883641222323e-15	12.566369650647324	12.566369650647328
15.0	1.0741109747201965e-14	12.566369650647317	12.566369650647328
15.1	2.2637119121166148e-14	12.566369650647305	12.566369650647328
15.2	3.719496377794846e-14	12.56636965064729	12.566369650647328
15.3	5.2963321680158e-14	12.566369650647275	12.566369650647328
15.4	6.848719716176306e-14	12.566369650647259	12.566369650647328
15.5	8.242173779993446e-14	12.566369650647244	12.566369650647326
15.6	9.363067954260188e-14	12.566369650647234	12.566369650647328
15.7	1.0126263812341708e-13	12.566369650647227	12.566369650647328
15.8	1.0480059974711395e-13	12.566369650647223	12.566369650647328
15.9	1.0408233532947619e-13	12.566369650647223	12.566369650647328
16.0	9.929187081064555e-14	12.566369650647228	12.566369650647328
16.1	9.092440077895965e-14	12.566369650647236	12.566369650647326
16.2	7.972896671702817e-14	12.566369650647248	12.566369650647328
16.3	6.663470248395893e-14	12.56636965064726	12.566369650647328
16.4	5.266738929661961e-14	12.566369650647275	12.566369650647328
16.5	3.8863419212282824e-14	12.566369650647289	12.566369650647328
16.6	2.6188046707530423e-14	12.566369650647301	12.566369650647328
16.7	1.5464063792544988e-14	12.566369650647312	12.566369650647328
16.8	7.31585455973163e-15	12.56636965064732	12.566369650647328
16.9	2.1322882278190277e-15	12.566369650647326	12.566369650647328
17.0	5.023147880863356e-17	12.566369650647328	12.566369650647328
17.1	9.587431733837969e-16	12.566369650647326	12.566369650647328
17.2	4.5223939933482986e-15	12.566369650647323	12.566369650647328
17.3	1.0220751102813383e-14	12.566369650647317	12.566369650647328
17.4	1.7399980214040756e-14	12.56636965064731	12.566369650647328
17.5	2.5331810808600736e-14	12.566369650647301	12.566369650647326
17.6	3.32748172875693e-14	12.566369650647294	12.566369650647328
17.7	4.0533087819298395e-14	12.566369650647287	12.566369650647328
17.8	4.650784982809879e-14	12.56636965064728	12.566369650647326
17.9	5.0738435075109824e-14	12.566369650647276	12.566369650647328
18.0	5.29300156554981e-14	12.566369650647275	12.566369650647328
18.1	5.296672908693462e-14	12.566369650647275	12.566369650647328
18.2	5.091003498095377e-14	12.566369650647276	12.566369650647328
18.3	4.6983309635412474e-14	12.56636965064728	12.566369650647326
18.4	4.1544700876410385e-14	12.566369650647285	12.566369650647326
18.5	3.5051062978927156e-14	12.566369650647292	12.566369650647328
18.6	2.8016321153557193e-14	12.5663696506473	12.566369650647328
18.7	2.096785142079147e-14	12.566369650647307	12.566369650647328
18.8	1.440440366786488e-14	12.566369650647314	12.566369650647328
18.9	8.758765332245674e-15	12.566369650647319	12.566369650647328
19.0	4.367802494374063e-15	12.566369650647323	12.566369650647326
19.1	1.4517817100749037e-15	12.566369650647326	12.566369650647328
19.2	1.040372774852212e-16	12.566369650647328	12.566369650647328
19.3	2.9117662447366076e-16	12.566369650647328	12.566369650647328
19.4	1.863181270035651e-15	12.566369650647326	12.566369650647328
19.5	4.572025461361698e-15	12.566369650647323	12.566369650647328
19.6	8.096850662290805e-15	12.566369650647319	12.566369650647328
19.7	1.2073338212549426e-14	12.566369650647315	12.566369650647328
19.8	1.6124734454695792e-14	12.566369650647312	12.566369650647328
19.9	1.9892004780041282e-14	12.566369650647308	12.566369650647328
20.0	2.3060811150339165e-14	12.566369650647305	12.566369650647328
20.1	2.5383393011296866e-14	12.566369650647301	12.566369650647326
20.2	2.6693944061263548e-14	12.566369650647301	12.566369650647328
20.3	2.6916669447352607e-14	12.566369650647301	12.566369650647328
20.4	2.606632861693569e-14	12.566369650647301	12.566369650647328
20.5	2.4241668040782637e-14	12.566369650647303	12.566369650647328
20.6	2.161267980935428e-14	12.566369650647307	12.566369650647328
20.7	1.8403049109929625e-14	12.566369650647308	12.566369650647326
20.8	1.4869448667489618e-14	12.566369650647312	12.566369650647326
20.9	1.127948615176944e-14	12.566369650647315	12.566369650647326
21.0	7.890108500198649e-15	12.566369650647319	12.566369650647326
21.1	4.928124156269517e-15	12.566369650647323	12.566369650647328
21.2	2.5742399249470874e-15	12.566369650647324	12.566369650647326
21.3	9.516513750245964e-16	12.566369650647326	12.566369650647328
21.4	1.1980799727083685e-16	12.566369650647328	12.566369650647328
21.5	7.353287511395622e-17	12.566369650647328	12.566369650647328
21.6	7.472473621250989e-16	12.566369650647326	12.566369650647326
21.7	2.0236670202807727e-15	12.566369650647326	12.566369650647328
21.8	3.746023216191746e-15	12.566369650647324	12.566369650647328
21.9	5.732645375405502e-15	12.566369650647323	12.566369650647328
22.0	7.792623612211575e-15	12.566369650647319	12.566369650647326
22.1	9.741263106778344e-15	12.566369650647317	12.566369650647326
22.2	1.1414134487976497e-14	12.566369650647315	12.566369650647326
22.3	1.2678705319311415e-14	12.566369650647315	12.566369650647328
22.4	1.3442787211274874e-14	12.566369650647314	12.566369650647328
22.5	1.3659327520086915e-14	12.566369650647314	12.566369650647328
22.6	1.3327388347266491e-14	12.566369650647314	12.566369650647328
22.7	1.2489462951277796e-14	12.566369650647315	12.566369650647328
22.8	1.1225557069789265e-14	12.566369650647317	12.566369650647328
22.9	9.644690129205127e-15	12.566369650647317	12.566369650647326
23.0	7.874634072116074e-15	12.566369650647319	12.566369650647326
23.1	6.0507966886145696e-15	12.56636965064732	12.566369650647326
23.2	4.305169300373962e-15	12.566369650647323	12.566369650647326
23.3	2.7561989334886355e-15	12.566369650647324	12.566369650647328
23.4	1.5003217157435383e-15	12.566369650647326	12.566369650647328
23.5	6.057205786209771e-16	12.566369650647328	12.566369650647328
23.6	1.0866299611808149e-16	12.566369650647328	12.566369650647328
23.7	1.2551662572688255e-17	12.566369650647328	12.566369650647328
23.8	2.89601038946581e-16	12.566369650647328	12.566369650647328
23.9	8.848526066541522e-16	12.566369650647326	12.566369650647326
24.0	1.7220759191030698e-15	12.566369650647326	12.566369650647328
24.1	2.710982048818388e-15	12.566369650647324	12.566369650647328
24.2	3.75510752112774e-15	12.566369650647324	12.566369650647328
24.3	4.7597125691166585e-15	12.566369650647323	12.566369650647328
24.4	5.639075428806174e-15	12.566369650647323	12.566369650647328
24.5	6.322648357771435e-15	12.56636965064732	12.566369650647328
24.6	6.7596618023379095e-15	12.56636965064732	12.566369650647328
24.7	6.921909033603572e-15	12.56636965064732	12.566369650647328
24.8	6.804601720963119e-15	12.56636965064732	12.566369650647328
24.9	6.425344222435282e-15	12.56636965064732	12.566369650647328
25.0	5.821418596280946e-15	12.566369650647323	12.566369650647328
25.1	5.045692981313526e-15	12.566369650647323	12.566369650647328
25.2	4.161555024461128e-15	12.566369650647324	12.566369650647328
25.3	3.2373243725085697e-15	12.566369650647324	12.566369650647328
25.4	2.3406119799526656e-15	12.566369650647326	12.566369650647328
25.5	1.5330703373906126e-15	12.566369650647326	12.566369650647328
25.6	8.659217655509685e-16	12.566369650647326	12.566369650647326
25.7	3.7656808194799303e-16	12.566369650647328	12.566369650647328
25.8	8.64823820946782e-17	12.566369650647328	12.566369650647328
25.9	4.715165804391904e-19	12.566369650647328	12.566369650647328
26.0	1.0728542775600401e-16	12.566369650647328	12.566369650647328
26.1	3.814456388127853e-16	12.566369650647328	12.566369650647328
26.2	7.860774756838095e-16	12.566369650647326	12.566369650647326
26.3	1.276464944605665e-15	12.566369650647326	12.566369650647328
26.4	1.8040074068048987e-15	12.566369650647326	12.566369650647328
26.5	2.3202448579350125e-15	12.566369650647326	12.566369650647328
26.6	2.780633065782139e-15	12.566369650647324	12.566369650647328
26.7	3.147788323809887e-15	12.566369650647324	12.566369650647328
26.8	3.3939796999069807e-15	12.566369650647324	12.566369650647328
26.9	3.5027186893199282e-15	12.566369650647324	12.566369650647328
27.0	3.469375660648294e-15	12.566369650647324	12.566369650647328
27.1	3.3008327580251833e-15	12.566369650647324	12.566369650647328
27.2	3.0142576689787145e-15	12.566369650647324	12.566369650647328
27.3	2.6351463717968647e-15	12.566369650647324	12.566369650647326
27.4	2.1948313153318824e-15	12.566369650647326	12.566369650647328
27.5	1.727681593011063e-15	12.566369650647326	12.566369650647328
27.6	1.2682322816288284e-15	12.566369650647326	12.566369650647328
27.7	8.484715542569109e-16	12.566369650647326	12.566369650647326
27.8	4.954882541114975e-16	12.566369650647328	12.566369650647328
27.9	2.2964239076153766e-16	12.566369650647328	12.566369650647328
28.0	6.337048615326173e-17	12.566369650647328	12.566369650647328
28.1	6.814184025751723e-19	12.566369650647328	12.566369650647328
28.2	3.734112693159971e-17	12.566369650647328	12.566369650647328
28.3	1.6169079086159546e-16	12.566369650647328	12.566369650647328
28.4	3.5599686539124714e-16	12.566369650647328	12.566369650647328
28.5	5.98195824578316e-16	12.566369650647328	12.566369650647328
28.6	8.638737560519452e-16	12.566369650647326	12.566369650647326
28.7	1.128312095764568e-15	12.566369650647326	12.566369650647328
28.8	1.3684356485486442e-15	12.566369650647326	12.566369650647328
28.9	1.5645164181848347e-15	12.566369650647326	12.566369650647328
29.0	1.7015145663602706e-15	12.566369650647326	12.566369650647328
29.1	1.7699732412686826e-15	12.566369650647326	12.566369650647328
29.2	1.766423841402108e-15	12.566369650647326	12.566369650647328
29.3	1.693299133256278e-15	12.566369650647326	12.566369650647328
29.4	1.5583902683327186e-15	12.566369650647326	12.566369650647328
29.5	1.373917257583262e-15	12.566369650647326	12.566369650647328
29.6	1.1553085443286678e-15	12.566369650647326	12.566369650647328
29.7	9.198023722405439e-16	12.566369650647326	12.566369650647328
29.8	6.849898764735283e-16	12.566369650647328	12.566369650647328
29.9	4.674172521611626e-16	12.566369650647328	12.566369650647328
30.0	2.813527594165146e-16	12.566369650647328	12.566369650647328
30.1	1.3780515054051568e-16	12.566369650647328	12.566369650647328
30.2	4.3855302856047884e-17	12.566369650647328	12.566369650647328
30.3	2.334683103022058e-18	12.566369650647328	12.566369650647328
30.4	1.185515738735296e-17	12.566369650647328	12.566369650647328
30.5	6.716692684810433e-17	12.566369650647328	12.566369650647328
30.6	1.597970995943749e-16	12.566369650647328	12.566369650647328
30.7	2.7890229527434017e-16	12.566369650647328	12.566369650647328
30.8	4.122559074706203e-16	12.566369650647328	12.566369650647328
30.9	5.472848420831008e-16	12.566369650647328	12.566369650647328
31.0	6.720717467479934e-16	12.566369650647328	12.566369650647328
31.1	7.762464370874699e-16	12.566369650647326	12.566369650647326
31.2	8.51703422862118e-16	12.566369650647326	12.566369650647326
31.3	8.930997818887479e-16	12.566369650647326	12.566369650647328
31.4	8.981075195092944e-16	12.566369650647326	12.566369650647328
31.5	8.674152804301556e-16	12.566369650647326	12.566369650647326
31.6	8.044941777313906e-16	12.566369650647326	12.566369650647326
31.7	7.151600648659424e-16	12.566369650647326	12.566369650647326
31.8	6.069785668082025e-16	12.566369650647328	12.566369650647328
31.9	4.885687248676673e-16	12.566369650647328	12.566369650647328
32.0	3.6886571510485657e-16	12.566369650647328	12.566369650647328
32.1	2.564027059641313e-16	12.566369650647328	12.566369650647328
32.2	1.58666854618351e-16	12.566369650647328	12.566369650647328
32.3	8.157537722219158e-17	12.566369650647328	12.566369650647328
32.4	2.9105511903523565e-17	12.566369650647328	12.566369650647328
32.5	3.098153354072536e-18	12.566369650647328	12.566369650647328
32.6	3.2401861073203667e-18	12.566369650647328	12.566369650647328
32.7	2.7216275469142662e-17	12.566369650647328	12.566369650647328
32.8	7.100817723575312e-17	12.566369650647328	12.566369650647328
32.9	1.2930939913699426e-16	12.566369650647328	12.566369650647328
33.0	1.9601594124062764e-16	12.566369650647328	12.566369650647328
33.1	2.647502293167544e-16	12.566369650647328	12.566369650647328
33.2	3.293753093458756e-16	12.566369650647328	12.566369650647328
33.3	3.8445968455488346e-16	12.566369650647328	12.566369650647328
33.4	4.2565938993999175e-16	12.566369650647328	12.566369650647328
33.5	4.499923550271583e-16	12.566369650647328	12.566369650647328
33.6	4.559900092714308e-16	12.566369650647328	12.566369650647328
33.7	4.4372157565514913e-16	12.566369650647328	12.566369650647328
33.8	4.1469672156257377e-16	12.566369650647328	12.566369650647328
33.9	3.7166140850038454e-16	12.566369650647328	12.566369650647328
34.0	3.183092490701229e-16	12.566369650647328	12.566369650647328
34.1	2.5893595843925256e-16	12.566369650647328	12.566369650647328
34.2	1.98067295819471e-16	12.566369650647328	12.566369650647328
34.3	1.400911565320505e-16	12.566369650647328	12.566369650647328
34.4	8.892232766221557e-17	12.566369650647328	12.566369650647328
34.5	4.772417147608658e-17	12.566369650647328	12.566369650647328
34.6	1.8705607836690945e-17	12.566369650647328	12.566369650647328
34.7	3.0047882791527957e-18	12.566369650647328	12.566369650647328
34.8	6.634002927285925e-19	12.566369650647328	12.566369650647328
34.9	1.0688221677869816e-17	12.566369650647328	12.566369650647328
35.0	3.1189925624253956e-17	12.566369650647328	12.566369650647328
35.1	5.958369317891094e-17	12.566369650647328	12.566369650647328
35.2	9.283227666030091e-17	12.566369650647328	12.566369650647328
35.3	1.2770999013326472e-16	12.566369650647328	12.566369650647328
35.4	1.6106574688487424e-16	12.566369650647328	12.566369650647328
35.5	1.900646390656224e-16	12.566369650647328	12.566369650647328
35.6	2.12390450853463e-16	12.566369650647328	12.566369650647328
35.7	2.2639559687597217e-16	12.566369650647328	12.566369650647328
35.8	2.3118989012979216e-16	12.566369650647328	12.566369650647328
35.9	2.26664836044041e-16	12.566369650647328	12.566369650647328
36.0	2.1345538541973828e-16	12.566369650647328	12.566369650647328
36.1	1.9284585283577625e-16	12.566369650647328	12.566369650647328
36.2	1.6663067307647432e-16	12.566369650647328	12.566369650647328
36.3	1.369435642112479e-16	12.566369650647328	12.566369650647328
36.4	1.060703293268542e-16	12.566369650647328	12.566369650647328
36.5	7.626090277666698e-17	12.566369650647328	12.566369650647328
36.6	4.955537853354974e-17	12.566369650647328	12.566369650647328
36.7	2.7636789459859678e-17	12.566369650647328	12.566369650647328
36.8	1.1720556304702998e-17	12.566369650647328	12.566369650647328
36.9	2.4870691437304128e-18	12.566369650647328	12.566369650647328
37.0	6.010798024966642e-20	12.566369650647328	12.566369650647328
37.1	4.030064788398719e-18	12.566369650647328	12.566369650647328
37.2	1.3517488464978748e-17	12.566369650647328	12.566369650647328
37.3	2.7269587949821653e-17	12.566369650647328	12.566369650647328
37.4	4.378018988789278e-17	12.566369650647328	12.566369650647328
37.5	6.142237846903546e-17	12.566369650647328	12.566369650647328
37.6	7.858269398205461e-17	12.566369650647328	12.566369650647328
37.7	9.378630606704341e-17	12.566369650647328	12.566369650647328
37.8	1.0580391252126352e-16	12.566369650647328	12.566369650647328
37.9	1.137330931400815e-16	12.566369650647328	12.566369650647328
38.0	1.170492774639724e-16	12.566369650647328	12.566369650647328
38.1	1.1562414869470456e-16	12.566369650647328	12.566369650647328
38.2	1.097119812765788e-16	12.566369650647328	12.566369650647328
38.3	9.990688684579106e-17	12.566369650647328	12.566369650647328
38.4	8.707604054281142e-17	12.566369650647328	12.566369650647328
38.5	7.227553570321283e-17	12.566369650647328	12.566369650647328
38.6	5.665647750767332e-17	12.566369650647328	12.566369650647328
38.7	4.13692365468946e-17	12.566369650647328	12.566369650647328
38.8	2.747345599791844e-17	12.566369650647328	12.566369650647328
38.9	1.586050474665388e-17	12.566369650647328	12.566369650647328
39.0	7.193697948975788e-18	12.566369650647328	12.566369650647328
39.1	1.8699012840667384e-18	12.566369650647328	12.566369650647328
39.2	4.248693332241059e-21	12.566369650647328	12.566369650647328
39.3	1.437793933203913e-18	12.566369650647328	12.566369650647328
39.4	5.766134397073746e-18	12.566369650647328	12.566369650647328
39.5	1.2385523044773803e-17	12.566369650647328	12.566369650647328
39.6	2.0551824490754153e-17	12.566369650647328	12.566369650647328
39.7	2.944694340775998e-17	12.566369650647328	12.566369650647328
39.8	3.8247088612877195e-17	12.566369650647328	12.566369650647328
39.9	4.6187427689640195e-17	12.566369650647328	12.566369650647328
40.0	5.2618292690566846e-17	12.566369650647328	12.566369650647328
40.1	5.704904542073471e-17	12.566369650647328	12.566369650647328
40.2	5.917690661364931e-17	12.566369650647328	12.566369650647328
40.3	5.889938880034653e-17	12.566369650647328	12.566369650647328
40.4	5.63103351694385e-17	12.566369650647328	12.566369650647328
40.5	5.168084812089472e-17	12.566369650647328	12.566369650647328
40.6	4.5427496180089206e-17	12.566369650647328	12.566369650647328
40.7	3.8071040556817975e-17	12.566369650647328	12.566369650647328
40.8	3.018947122887353e-17	12.566369650647328	12.566369650647328
40.9	2.2369362155301066e-17	12.566369650647328	12.566369650647328
41.0	1.5159448420135773e-17	12.566369650647328	12.566369650647328
41.1	9.029922505689375e-18	12.566369650647328	12.566369650647328
41.2	4.340291948305116e-18	12.566369650647328	12.566369650647328
41.3	1.317802358059753e-18	12.566369650647328	12.566369650647328
41.4	4.7484626688180737e-20	12.566369650647328	12.566369650647328
41.5	4.739133673504194e-19	12.566369650647328	12.566369650647328
41.6	2.413842804544519e-18	12.566369650647328	12.566369650647328
41.7	5.578085446937317e-18	12.566369650647328	12.566369650647328
41.8	9.600373432672048e-18	12.566369650647328	12.566369650647328
41.9	1.407053091447655e-17	12.566369650647328	12.566369650647328
42.0	1.856910770679109e-17	12.566369650647328	12.566369650647328
42.1	2.270067969244376e-17	12.566369650647328	12.566369650647328
42.2	2.6123291965323632e-17	12.566369650647328	12.566369650647328
42.3	2.857197240476243e-17	12.566369650647328	12.566369650647328
42.4	2.9874830223398344e-17	12.566369650647328	12.566369650647328
42.5	2.99609220717007e-17	12.566369650647328	12.566369650647328
42.6	2.8859760454730033e-17	12.566369650647328	12.566369650647328
42.7	2.669299997259347e-17	12.566369650647328	12.566369650647328
42.8	2.3659416457385267e-17	12.566369650647328	12.566369650647328
42.9	2.001475198421164e-17	12.566369650647328	12.566369650647328
43.0	1.6048306442031255e-17	12.566369650647328	12.566369650647328
43.1	1.2058298760934055e-17	12.566369650647328	12.566369650647328
43.2	8.327996721909378e-18	12.566369650647328	12.566369650647328
43.3	5.104435330237975e-18	12.566369650647328	12.566369650647328
43.4	2.5812332089984723e-18	12.566369650647328	12.566369650647328
43.5	8.866064560734671e-19	12.566369650647328	12.566369650647328
43.6	7.72078581156974e-20	12.566369650647328	12.566369650647328
43.7	1.3792676799125255e-19	12.566369650647328	12.566369650647328
43.8	9.873110627856045e-19	12.566369650647328	12.566369650647328
43.9	2.4878533204647883e-18	12.566369650647328	12.566369650647328
44.0	4.460048199625578e-18	12.566369650647328	12.566369650647328
44.1	6.69889817098412e-18	12.566369650647328	12.566369650647328
44.2	8.99143194050374e-18	12.566369650647328	12.566369650647328
44.3	1.113380599568572e-17	12.566369650647328	12.566369650647328
44.4	1.2946677171877137e-17	12.566369650647328	12.566369650647328
44.5	1.428774719149387e-17	12.566369650647328	12.566369650647328
44.6	1.5060666457215892e-17	12.566369650647328	12.566369650647328
44.7	1.5219817255981138e-17	12.566369650647328	12.566369650647328
44.8	1.477084717209745e-17	12.566369650647328	12.566369650647328
44.9	1.376716344693649e-17	12.566369650647328	12.566369650647328
45.0	1.2302902312515916e-17	12.566369650647328	12.566369650647328
45.1	1.050313242144477e-17	12.566369650647328	12.566369650647328
45.2	8.512222678036043e-18	12.566369650647328	12.566369650647328
45.3	6.481393039703589e-18	12.566369650647328	12.566369650647328
45.4	4.55647021999715e-18	12.566369650647328	12.566369650647328
45.5	2.8667934619634985e-18	12.566369650647328	12.566369650647328
45.6	1.516069427134452e-18	12.566369650647328	12.566369650647328
45.7	5.757753148634693e-19	12.566369650647328	12.566369650647328
45.8	8.147442964886501e-20	12.566369650647328	12.566369650647328
45.9	3.2159007490404784e-20	12.566369650647328	12.566369650647328
46.0	3.9249157119322894e-19	12.566369650647328	12.566369650647328
46.1	1.0975971109504477e-18	12.566369650647328	12.566369650647328
46.2	2.0598796448986137e-18	12.566369650647328	12.566369650647328
46.3	3.1772097862098043e-18	12.566369650647328	12.566369650647328
46.4	4.341761664824695e-18	12.566369650647328	12.566369650647328
46.5	5.448769762920273e-18	12.566369650647328	12.566369650647328
46.6	6.404525922488063e-18	12.566369650647328	12.566369650647328
46.7	7.133036654017732e-18	12.566369650647328	12.566369650647328
46.8	7.580900115733239e-18	12.566369650647328	12.566369650647328
46.9	7.720127510750828e-18	12.566369650647328	12.566369650647328
47.0	7.548810681834766e-18	12.566369650647328	12.566369650647328
47.1	7.089711842925045e-18	12.566369650647328	12.566369650647328
47.2	6.3870092392097376e-18	12.566369650647328	12.566369650647328
47.3	5.50156271548183e-18	12.566369650647328	12.566369650647328
47.4	4.50515717646808e-18	12.566369650647328	12.566369650647328
47.5	3.474234556473749e-18	12.566369650647328	12.566369650647328
47.6	2.4836345311263857e-18	12.566369650647328	12.566369650647328
47.7	1.600832608879008e-18	12.566369650647328	12.566369650647328
47.8	8.810963505175473e-19	12.566369650647328	12.566369650647328
47.9	3.638837377747426e-19	12.566369650647328	12.566369650647328
48.0	7.069141187868839e-20	12.566369650647328	12.566369650647328
48.1	4.434872529978729e-21	12.566369650647328	12.566369650647328
48.2	1.5031813232013943e-19	12.566369650647328	12.566369650647328
48.3	4.780364321698743e-19	12.566369650647328	12.566369650647328
48.4	9.45060703923635e-19	12.566369650647328	12.566369650647328
48.5	1.5006828114835645e-18	12.566369650647328	12.566369650647328
48.6	2.0904601616635522e-18	12.566369650647328	12.566369650647328
48.7	2.6606884845647664e-18	12.566369650647328	12.566369650647328
48.8	3.1625513949238613e-18	12.566369650647328	12.566369650647328
48.9	3.5556414618428076e-18	12.566369650647328	12.566369650647328
49.0	3.8106147729172726e-18	12.566369650647328	12.566369650647328
49.1	3.910822868453501e-18	12.566369650647328	12.566369650647328
49.2	3.852855169513722e-18	12.566369650647328	12.566369650647328
49.3	3.646014210331875e-18	12.566369650647328	12.566369650647328
49.4	3.3108281345218e-18	12.566369650647328	12.566369650647328
49.5	2.87677401244559e-18	12.566369650647328	12.566369650647328
49.6	2.3794369493746853e-18	12.566369650647328	12.566369650647328
49.7	1.85736070623526e-18	12.566369650647328	12.566369650647328
49.8	1.3488544676987358e-18	12.566369650647328	12.566369650647328
49.9	8.890080683765136e-19	12.566369650647328	12.566369650647328
50.0	5.071366572105067e-19	12.566369650647328	12.566369650647328
50.1	2.248290291347516e-19	12.566369650647328	12.566369650647328
50.2	5.471626164581814e-20	12.566369650647328	12.566369650647328
50.3	1.4016853908800476e-23	12.566369650647328	12.566369650647328
50.4	5.482819786300377e-20	12.566369650647328	12.566369650647328
50.5	2.0515458623100894e-19	12.566369650647328	12.566369650647328
50.6	4.304529776680314e-19	12.566369650647328	12.566369650647328
50.7	7.056385574624686e-19	12.566369650647328	12.566369650647328
50.8	1.0033100289287262e-18	12.566369650647328	12.566369650647328
50.9	1.296026270758044e-18	12.566369650647328	12.566369650647328
51.0	1.5584507288511994e-18	12.566369650647328	12.566369650647328
51.1	1.7692038564123455e-18	12.566369650647328	12.566369650647328
51.2	1.9122962359830962e-18	12.566369650647328	12.566369650647328
51.3	1.978055355280539e-18	12.566369650647328	12.566369650647328
51.4	1.963503737963648e-18	12.566369650647328	12.566369650647328
51.5	1.8721914985145663e-18	12.566369650647328	12.566369650647328
51.6	1.7135288196302153e-18	12.566369650647328	12.566369650647328
51.7	1.5017002058135784e-18	12.566369650647328	12.566369650647328
51.8	1.2542701732099551e-18	12.566369650647328	12.566369650647328
51.9	9.906076313417374e-19	12.566369650647328	12.566369650647328
52.0	7.302628295992637e-19	12.566369650647328	12.566369650647328
52.1	4.914265134195296e-19	12.566369650647328	12.566369650647328
52.2	2.895868327270536e-19	12.566369650647328	12.566369650647328
52.3	1.3647725179201415e-19	12.566369650647328	12.566369650647328
52.4	3.9380448435218006e-20	12.566369650647328	12.566369650647328
52.5	8.215199327782984e-22	12.566369650647328	12.566369650647328
52.6	1.8651407787955208e-20	12.566369650647328	12.566369650647328
52.7	8.6490889406511e-20	12.566369650647328	12.566369650647328
52.8	1.944790429156552e-19	12.566369650647328	12.566369650647328
52.9	3.3024959762302754e-19	12.566369650647328	12.566369650647328
53.0	4.800452906691248e-19	12.566369650647328	12.566369650647328
53.1	6.298748770220135e-19	12.566369650647328	12.566369650647328
53.2	7.666197533832555e-19	12.566369650647328	12.566369650647328
53.3	8.790066167247774e-19	12.566369650647328	12.566369650647328
53.4	9.58378022149362e-19	12.566369650647328	12.566369650647328
53.5	9.992125686152784e-19	12.566369650647328	12.566369650647328
53.6	9.993689061439118e-19	12.566369650647328	12.566369650647328
53.7	9.600509090456342e-19	12.566369650647328	12.566369650647328
53.8	8.855133407005553e-19	12.566369650647328	12.566369650647328
53.9	7.825464929208849e-19	12.566369650647328	12.566369650647328
54.0	6.597932836031141e-19	12.566369650647328	12.566369650647328
54.1	5.269622130685901e-19	12.566369650647328	12.566369650647328
54.2	3.9400393971603074e-19	12.566369650647328	12.566369650647328
54.3	2.703180313500775e-19	12.566369650647328	12.566369650647328
54.4	1.6405010873180235e-19	12.566369650647328	12.566369650647328
54.5	8.152892809690358e-20	12.566369650647328	12.566369650647328
54.6	2.6879045572861943e-20	12.566369650647328	12.566369650647328
54.7	1.828851187025034e-21	12.566369650647328	12.566369650647328
54.8	5.7173107328015944e-21	12.566369650647328	12.566369650647328
54.9	3.568703121468823e-20	12.566369650647328	12.566369650647328
55.0	8.703745377442207e-20	12.566369650647328	12.566369650647328
55.1	1.537010395847917e-19	12.566369650647328	12.566369650647328
55.2	2.287979292595281e-19	12.566369650647328	12.566369650647328
55.3	3.052210867822554e-19	12.566369650647328	12.566369650647328
55.4	3.7620441995246644e-19	12.566369650647328	12.566369650647328
55.5	4.358305265359941e-19	12.566369650647328	12.566369650647328
55.6	4.794420050114234e-19	12.566369650647328	12.566369650647328
55.7	5.03929936502658e-19	12.566369650647328	12.566369650647328
55.8	5.078842960018191e-19	12.566369650647328	12.566369650647328
55.9	4.91602730094337e-19	12.566369650647328	12.566369650647328
56.0	4.569654045579953e-19	12.566369650647328	12.566369650647328
56.1	4.0719362543938206e-19	12.566369650647328	12.566369650647328
56.2	3.4651796699603166e-19	12.566369650647328	12.566369650647328
56.3	2.7978718908885247e-19	12.566369650647328	12.566369650647328
56.4	2.1205200773960522e-19	12.566369650647328	12.566369650647328
56.5	1.4815774031226549e-19	12.566369650647328	12.566369650647328
56.6	9.237714899243256e-20	12.566369650647328	12.566369650647328
56.7	4.810981820663369e-20	12.566369650647328	12.566369650647328
56.8	1.7667646409663203e-20	12.566369650647328	12.566369650647328
56.9	2.158141402724823e-21	12.566369650647328	12.566369650647328
57.0	1.468864803697231e-21	12.566369650647328	12.566369650647328
57.1	1.4348255393563804e-20	12.566369650647328	12.566369650647328
57.2	3.857079576362042e-20	12.566369650647328	12.566369650647328
57.3	7.11685922454781e-20	12.566369650647328	12.566369650647328
57.4	1.0870729695928324e-19	12.566369650647328	12.566369650647328
57.5	1.4758213528624934e-19	12.566369650647328	12.566369650647328
57.6	1.843096659842898e-19	12.566369650647328	12.566369650647328
57.7	2.1579268531134225e-19	12.566369650647328	12.566369650647328
57.8	2.3953913677137084e-19	12.566369650647328	12.566369650647328
57.9	2.5382063401704077e-19	12.566369650647328	12.566369650647328
58.0	2.5776179550517667e-19	12.566369650647328	12.566369650647328
58.1	2.513575355610426e-19	12.566369650647328	12.566369650647328
58.2	2.354212690097605e-19	12.566369650647328	12.566369650647328
58.3	2.1147221709448783e-19	12.566369650647328	12.566369650647328
58.4	1.8157427581624493e-19	12.566369650647328	12.566369650647328
58.5	1.4814194719419463e-19	12.566369650647328	12.566369650647328
58.6	1.1373047637337843e-19	12.566369650647328	12.566369650647328
58.7	8.082753980853622e-20	12.566369650647328	12.566369650647328
58.8	5.1662664266296374e-20	12.566369650647328	12.566369650647328
58.9	2.8048197974902065e-20	12.566369650647328	12.566369650647328
59.0	1.1262361078874196e-20	12.566369650647328	12.566369650647328
59.1	1.9809867683416817e-21	12.566369650647328	12.566369650647328
59.2	2.6037006107923633e-22	12.566369650647328	12.566369650647328
59.3	5.56951160885275e-21	12.566369650647328	12.566369650647328
59.4	1.6866296204442044e-20	12.566369650647328	12.566369650647328
59.5	3.270904787999772e-20	12.566369650647328	12.566369650647328
59.6	5.139265688494109e-20	12.566369650647328	12.566369650647328
59.7	7.109720161231523e-20	12.566369650647328	12.566369650647328
59.8	9.003673116919388e-20	12.566369650647328	12.566369650647328
59.9	1.0659659141729128e-19	12.566369650647328	12.566369650647328
60.0	1.1944925575270187e-19	12.566369650647328	12.566369650647328
60.1	1.2764088861220823e-19	12.566369650647328	12.566369650647328
60.2	1.3064360858032348e-19	12.566369650647328	12.566369650647328
60.3	1.2837138891722183e-19	12.566369650647328	12.566369650647328
60.4	1.211604920338872e-19	12.566369650647328	12.566369650647328
60.5	1.0971805145002244e-19	12.566369650647328	12.566369650647328
60.6	9.504469233495572e-20	12.566369650647328	12.566369650647328
60.7	7.83387673586623e-20	12.566369650647328	12.566369650647328
60.8	6.089078039138469e-20	12.566369650647328	12.566369650647328
60.9	4.397683799014062e-20	12.566369650647328	12.566369650647328
61.0	2.875952811724858e-20	12.566369650647328	12.566369650647328
61.1	1.6203552017928625e-20	12.566369650647328	12.566369650647328
61.2	7.011849075030482e-21	12.566369650647328	12.566369650647328
61.3	1.5860098282169318e-21	12.566369650647328	12.566369650647328
61.4	1.2642905913282767e-23	12.566369650647328	12.566369650647328
61.5	2.075225887692736e-21	12.566369650647328	12.566369650647328
61.6	7.288996953767057e-21	12.566369650647328	12.566369650647328
61.7	1.4954779868074238e-20	12.566369650647328	12.566369650647328
61.8	2.4226392669551655e-20	12.566369650647328	12.566369650647328
61.9	3.418554352882613e-20	12.566369650647328	12.566369650647328
62.0	4.3917894988838735e-20	12.566369650647328	12.566369650647328
62.1	5.258426620657098e-20	12.566369650647328	12.566369650647328
62.2	5.948168808594916e-20	12.566369650647328	12.566369650647328
62.3	6.409014159742595e-20	12.566369650647328	12.566369650647328
62.4	6.610218439785456e-20	12.566369650647328	12.566369650647328
62.5	6.543418076670436e-20	12.566369650647328	12.566369650647328
62.6	6.221936771638943e-20	12.566369650647328	12.566369650647328
62.7	5.678439625105714e-20	12.566369650647328	12.566369650647328
62.8	4.9612177949599653e-20	12.566369650647328	12.566369650647328
62.9	4.1294763671753823e-20	12.566369650647328	12.566369650647328
63.0	3.248053177982784e-20	12.566369650647328	12.566369650647328
63.1	2.3820146716115452e-20	12.566369650647328	12.566369650647328
63.2	1.5915573884749014e-20	12.566369650647328	12.566369650647328
63.3	9.275939576383953e-21	12.566369650647328	12.566369650647328
63.4	4.283263757745674e-21	12.566369650647328	12.566369650647328
63.5	1.1701441123184645e-21	12.566369650647328	12.566369650647328
63.6	1.041667191126294e-23	12.566369650647328	12.566369650647328
63.7	7.22749248469424e-22	12.566369650647328	12.566369650647328
63.8	3.0861219976174575e-21	12.566369650647328	12.566369650647328
63.9	6.765287928744676e-21	12.566369650647328	12.566369650647328
64.0	1.1343643019948341e-20	12.566369650647328	12.566369650647328
64.1	1.6360510233038253e-20	12.566369650647328	12.566369650647328
64.2	2.1349673145256904e-20	12.566369650647328	12.566369650647328
64.3	2.587608140896285e-20	12.566369650647328	12.566369650647328
64.4	2.95679706848679e-20	12.566369650647328	12.566369650647328
64.5	3.214215616148229e-20	12.566369650647328	12.566369650647328
64.6	3.34209203517822e-20	12.566369650647328	12.566369650647328
64.7	3.3339663160771995e-20	12.566369650647328	12.566369650647328
64.8	3.194525236604658e-20	12.566369650647328	12.566369650647328
64.9	2.938574429338479e-20	12.566369650647328	12.566369650647328
65.0	2.5892782451237982e-20	12.566369650647328	12.566369650647328
65.1	2.1758481267571927e-20	12.566369650647328	12.566369650647328
65.2	1.730893114582817e-20	12.566369650647328	12.566369650647328
65.3	1.2876603222376942e-20	12.566369650647328	12.566369650647328
65.4	8.773886548580714e-21	12.566369650647328	12.566369650647328
65.5	5.2697710022311854e-21	12.566369650647328	12.566369650647328
65.6	2.5713232246155808e-21	12.566369650647328	12.566369650647328
65.7	8.111276960099427e-22	12.566369650647328	12.566369650647328
65.8	4.132480922845804e-23	12.566369650647328	12.566369650647328
65.9	2.3431934513515975e-22	12.566369650647328	12.566369650647328
66.0	1.2897017698249719e-21	12.566369650647328	12.566369650647328
66.1	3.0464620902214992e-21	12.566369650647328	12.566369650647328
66.2	5.299214548515604e-21	12.566369650647328	12.566369650647328
66.3	7.816913981487161e-21	12.566369650647328	12.566369650647328
66.4	1.0362442556432375e-20	12.566369650647328	12.566369650647328
66.5	1.2711478454261834e-20	12.566369650647328	12.566369650647328
66.6	1.4669214559116815e-20	12.566369650647328	12.566369650647328
66.7	1.6083754636611653e-20	12.566369650647328	12.566369650647328
66.8	1.6855349135631617e-20	12.566369650647328	12.566369650647328
66.9	1.6941010749252223e-20	12.566369650647328	12.566369650647328
67.0	1.635443818843703e-20	12.566369650647328	12.566369650647328
67.1	1.516154400129572e-20	12.566369650647328	12.566369650647328
67.2	1.347220174298843e-20	12.566369650647328	12.566369650647328
67.3	1.142907854755118e-20	12.566369650647328	12.566369650647328
67.4	9.194587555758002e-21	12.566369650647328	12.566369650647328
67.5	6.937074519821032e-21	12.566369650647328	12.566369650647328
67.6	4.817344969271307e-21	12.566369650647328	12.566369650647328
67.7	2.9765492416478143e-21	12.566369650647328	12.566369650647328
67.8	1.5262838127294119e-21	12.566369650647328	12.566369650647328
67.9	5.415535502995528e-22	12.566369650647328	12.566369650647328
68.0	5.698807138639033e-23	12.566369650647328	12.566369650647328
68.1	6.643524855170589e-23	12.566369650647328	12.566369650647328
68.2	5.257859251609139e-22	12.566369650647328	12.566369650647328
68.3	1.3586359597869964e-21	12.566369650647328	12.566369650647328
68.4	2.4641836656046005e-21	12.566369650647328	12.566369650647328
68.5	3.726608859153044e-21	12.566369650647328	12.566369650647328
68.6	5.025096166618014e-21	12.566369650647328	12.566369650647328
68.7	6.243656124604813e-21	12.566369650647328	12.566369650647328
68.8	7.279961974608507e-21	12.566369650647328	12.566369650647328
68.9	8.052549362160151e-21	12.566369650647328	12.566369650647328
69.0	8.505905080513753e-21	12.566369650647328	12.566369650647328
69.1	8.61317929193434e-21	12.566369650647328	12.566369650647328
69.2	8.376470922776193e-21	12.566369650647328	12.566369650647328
69.3	7.82483677798658e-21	12.566369650647328	12.566369650647328
69.4	7.010343863183395e-21	12.566369650647328	12.566369650647328
69.5	6.002609839008804e-21	12.566369650647328	12.566369650647328
69.6	4.8823534959394985e-21	12.566369650647328	12.566369650647328
69.7	3.734506699152635e-21	12.566369650647328	12.566369650647328
69.8	2.6414268749660912e-21	12.566369650647328	12.566369650647328
69.9	1.6767024874279797e-21	12.566369650647328	12.566369650647328
70.0	8.999709807566765e-22	12.566369650647328	12.566369650647328
70.1	3.5307608286858407e-22	12.566369650647328	12.566369650647328
70.2	5.778439317001728e-23	12.566369650647328	12.566369650647328
70.3	1.516407438675907e-23	12.566369650647328	12.566369650647328
70.4	2.0660570260743431e-22	12.566369650647328	12.566369650647328
70.5	5.963427899618543e-22	12.566369650647328	12.566369650647328
70.6	1.1352151752053722e-21	12.566369650647328	12.566369650647328
70.7	1.7653222468632603e-21	12.566369650647328	12.566369650647328
70.8	2.4251453133662942e-21	12.566369650647328	12.566369650647328
70.9	3.054688469390353e-21	12.566369650647328	12.566369650647328
71.0	3.600200507639794e-21	12.566369650647328	12.566369650647328
71.1	4.018096845200354e-21	12.566369650647328	12.566369650647328
71.2	4.277793924211156e-21	12.566369650647328	12.566369650647328
71.3	4.363287329659627e-21	12.566369650647328	12.566369650647328
71.4	4.273433424195144e-21	12.566369650647328	12.566369650647328
71.5	4.021016168672379e-21	12.566369650647328	12.566369650647328
71.6	3.630781605210315e-21	12.566369650647328	12.566369650647328
71.7	3.136692469680336e-21	12.566369650647328	12.566369650647328
71.8	2.5786908341180658e-21	12.566369650647328	12.566369650647328
71.9	1.999259807434887e-21	12.566369650647328	12.566369650647328
72.0	1.4400530004748708e-21	12.566369650647328	12.566369650647328
72.1	9.388218461451988e-22	12.566369650647328	12.566369650647328
72.2	5.26824864367469e-22	12.566369650647328	12.566369650647328
72.3	2.2685614004463458e-22	12.566369650647328	12.566369650647328
72.4	5.198577467018769e-23	12.566369650647328	12.566369650647328
72.5	5.062727734361685e-24	12.566369650647328	12.566369650647328
72.6	7.898808040883571e-23	12.566369650647328	12.566369650647328
72.7	2.577219340737899e-22	12.566369650647328	12.566369650647328
72.8	5.179391461845011e-22	12.566369650647328	12.566369650647328
72.9	8.311999946954139e-22	12.566369650647328	12.566369650647328
73.0	1.166456733717311e-21	12.566369650647328	12.566369650647328
73.1	1.4926829638412133e-21	12.566369650647328	12.566369650647328
73.2	1.7813970980039167e-21	12.566369650647328	12.566369650647328
73.3	2.0088593357067874e-21	12.566369650647328	12.566369650647328
73.4	2.1577551153231547e-21	12.566369650647328	12.566369650647328
73.5	2.2182340034647972e-21	12.566369650647328	12.566369650647328
73.6	2.1882440280957177e-21	12.566369650647328	12.566369650647328
73.7	2.0731772119004233e-21	12.566369650647328	12.566369650647328
73.8	1.8849113481071824e-21	12.566369650647328	12.566369650647328
73.9	1.640386277740713e-21	12.566369650647328	12.566369650647328
74.0	1.3598839793702396e-21	12.566369650647328	12.566369650647328
74.1	1.0651891139037e-21	12.566369650647328	12.566369650647328
74.2	7.777931466367061e-22	12.566369650647328	12.566369650647328
74.3	5.17276920471626e-22	12.566369650647328	12.566369650647328
74.4	2.9997110907306024e-22	12.566369650647328	12.566369650647328
74.5	1.3795829307297375e-22	12.566369650647328	12.566369650647328
74.6	3.84492921738485e-23	12.566369650647328	12.566369650647328
74.7	3.5417746501065985e-24	12.566369650647328	12.566369650647328
74.8	3.0350282463571355e-23	12.566369650647328	12.566369650647328
74.9	1.1148118533887864e-22	12.566369650647328	12.566369650647328
75.0	2.358109552694033e-22	12.566369650647328	12.566369650647328
75.1	3.8950984193632596e-22	12.566369650647328	12.566369650647328
75.2	5.5723575456366e-22	12.566369650647328	12.566369650647328
75.3	7.234071652868993e-22	12.566369650647328	12.566369650647328
75.4	8.734527667622055e-22	12.566369650647328	12.566369650647328
75.5	9.94933267756286e-22	12.566369650647328	12.566369650647328
75.6	1.0784398073452214e-21	12.566369650647328	12.566369650647328
75.7	1.118194571915736e-21	12.566369650647328	12.566369650647328
75.8	1.1123102777913858e-21	12.566369650647328	12.566369650647328
75.9	1.0627019059712128e-21	12.566369650647328	12.566369650647328
76.0	9.746807605269411e-22	12.566369650647328	12.566369650647328
76.1	8.56291853762773e-22	12.566369650647328	12.566369650647328
76.2	7.17476376017035e-22	12.566369650647328	12.566369650647328
76.3	5.691494095684766e-22	12.566369650647328	12.566369650647328
76.4	4.22279501000671e-22	12.566369650647328	12.566369650647328
76.5	2.870438561249699e-22	12.566369650647328	12.566369650647328
76.6	1.7211474612161672e-22	12.566369650647328	12.566369650647328
76.7	8.411337345384239e-23	12.566369650647328	12.566369650647328
76.8	2.7250211174956184e-23	12.566369650647328	12.566369650647328
76.9	3.1573945784647672e-24	12.566369650647328	12.566369650647328
77.0	1.0909098523555471e-23	12.566369650647328	12.566369650647328
77.1	4.721866818584086e-23	12.566369650647328	12.566369650647328
77.2	1.067947518042555e-22	12.566369650647328	12.566369650647328
77.3	1.8283131670191582e-22	12.566369650647328	12.566369650647328
77.4	2.6759772999398956e-22	12.566369650647328	12.566369650647328
77.5	3.5308585106223947e-22	12.566369650647328	12.566369650647328
77.6	4.316631979572738e-22	12.566369650647328	12.566369650647328
77.7	4.96677095147244e-22	12.566369650647328	12.566369650647328
77.8	5.429563767645282e-22	12.566369650647328	12.566369650647328
77.9	5.671657743019599e-22	12.566369650647328	12.566369650647328
78.0	5.679831456976498e-22	12.566369650647328	12.566369650647328
78.1	5.460892692211145e-22	12.566369650647328	12.566369650647328
78.2	5.039809697749366e-22	12.566369650647328	12.566369650647328
78.3	4.456373927497629e-22	12.566369650647328	12.566369650647328
78.4	3.760832296249862e-22	12.566369650647328	12.566369650647328
78.5	3.0089968734730756e-22	12.566369650647328	12.566369650647328
78.6	2.257335505856973e-22	12.566369650647328	12.566369650647328
78.7	1.5584788223283566e-22	12.566369650647328	12.566369650647328
78.8	9.574691739740858e-23	12.566369650647328	12.566369650647328
78.9	4.8895166589450816e-23	12.566369650647328	12.566369650647328
79.0	1.7539062152851905e-23	12.566369650647328	12.566369650647328
79.1	2.6302892944400693e-24	12.566369650647328	12.566369650647328
79.2	3.8438304036875135e-24	12.566369650647328	12.566369650647328
79.3	1.9680332262000738e-23	12.566369650647328	12.566369650647328
79.4	4.7640649779355417e-23	12.566369650647328	12.566369650647328
79.5	8.445912960846381e-23	12.566369650647328	12.566369650647328
79.6	1.263804712452672e-22	12.566369650647328	12.566369650647328
79.7	1.694625487826694e-22	12.566369650647328	12.566369650647328
79.8	2.0988478565663039e-22	12.566369650647328	12.566369650647328
79.9	2.4423946279747963e-22	12.566369650647328	12.566369650647328
80.0	2.697828082173925e-22	12.566369650647328	12.566369650647328
80.1	2.846247504847962e-22	12.566369650647328	12.566369650647328
80.2	2.8784116121497795e-22	12.566369650647328	12.566369650647328
80.3	2.7949989410350256e-22	12.566369650647328	12.566369650647328
80.4	2.6060092289861253e-22	12.566369650647328	12.566369650647328
80.5	2.329399486048702e-22	12.566369650647328	12.566369650647328
80.6	1.9891249743045632e-22	12.566369650647328	12.566369650647328
80.7	1.6128059204517673e-22	12.566369650647328	12.566369650647328
80.8	1.2292595627007377e-22	12.566369650647328	12.566369650647328
80.9	8.661248616691045e-23	12.566369650647328	12.566369650647328
81.0	5.477704746427245e-23	12.566369650647328	12.566369650647328
81.1	2.93625462140119e-23	12.566369650647328	12.566369650647328
81.2	1.1701726500338219e-23	12.566369650647328	12.566369650647328
81.3	2.455126945162367e-24	12.566369650647328	12.566369650647328
81.4	1.602555832270134e-24	12.566369650647328	12.566369650647328
81.5	8.484401315139448e-24	12.566369650647328	12.566369650647328
81.6	2.1886851453974546e-23	12.566369650647328	12.566369650647328
81.7	4.0163301122210574e-23	12.566369650647328	12.566369650647328
81.8	6.138257166615158e-23	12.566369650647328	12.566369650647328
81.9	8.34929712957294e-23	12.566369650647328	12.566369650647328
82.0	1.0448984351419268e-22	12.566369650647328	12.566369650647328
82.1	1.2257345750709307e-22	12.566369650647328	12.566369650647328
82.2	1.3628432837579057e-22	12.566369650647328	12.566369650647328
82.3	1.4460465351895675e-22	12.566369650647328	12.566369650647328
82.4	1.470175973663811e-22	12.566369650647328	12.566369650647328
82.5	1.4352040099004617e-22	12.566369650647328	12.566369650647328
82.6	1.3459217816785827e-22	12.566369650647328	12.566369650647328
82.7	1.2112203779006154e-22	12.566369650647328	12.566369650647328
82.8	1.0430708439777032e-22	12.566369650647328	12.566369650647328
82.9	8.553230448164688e-23	12.566369650647328	12.566369650647328
83.0	6.624505938646503e-23	12.566369650647328	12.566369650647328
83.1	4.7835942201331517e-23	12.566369650647328	12.566369650647328
83.2	3.153549192432551e-23	12.566369650647328	12.566369650647328
83.3	1.8333263554462283e-23	12.566369650647328	12.566369650647328
83.4	8.92264015457014e-24	12.566369650647328	12.566369650647328
83.5	3.672052933360887e-24	12.566369650647328	12.566369650647328
83.6	2.6212550963796163e-24	12.566369650647328	12.566369650647328
83.7	5.500041519917616e-24	12.566369650647328	12.566369650647328
83.8	1.1766176592529415e-23	12.566369650647328	12.566369650647328
83.9	2.0659019008633097e-23	12.566369650647328	12.566369650647328
84.0	3.12651320948904e-23	12.566369650647328	12.566369650647328
84.1	4.2591845478397735e-23	12.566369650647328	12.566369650647328
84.2	5.364424404598334e-23	12.566369650647328	12.566369650647328
84.3	6.350051893450194e-23	12.566369650647328	12.566369650647328
84.4	7.138025087100979e-23	12.566369650647328	12.566369650647328
84.5	7.670026300544156e-23	12.566369650647328	12.566369650647328
84.6	7.911336448890291e-23	12.566369650647328	12.566369650647328
84.7	7.852665402852385e-23	12.566369650647328	12.566369650647328
84.8	7.509794655693277e-23	12.566369650647328	12.566369650647328
84.9	6.921106889076972e-23	12.566369650647328	12.566369650647328
85.0	6.143291065499148e-23	12.566369650647328	12.566369650647328
85.1	5.2456890927419147e-23	12.566369650647328	12.566369650647328
85.2	4.303866379974754e-23	12.566369650647328	12.566369650647328
85.3	3.393031472739882e-23	12.566369650647328	12.566369650647328
85.4	2.581900316370798e-23	12.566369650647328	12.566369650647328
85.5	1.9275104849649725e-23	12.566369650647328	12.566369650647328
85.6	1.471358873102331e-23	12.566369650647328	12.566369650647328
85.7	1.2370842019675321e-23	12.566369650647328	12.566369650647328
85.8	1.2297628878054375e-23	12.566369650647328	12.566369650647328
85.9	1.436748563872415e-23	12.566369650647328	12.566369650647328
86.0	1.8298713056092373e-23	12.566369650647328	12.566369650647328
86.1	2.3687263424710565e-23	12.566369650647328	12.566369650647328
86.2	3.004723603317815e-23	12.566369650647328	12.566369650647328
86.3	3.685536620155913e-23	12.566369650647328	12.566369650647328
86.4	4.3595798835514715e-23	12.566369650647328	12.566369650647328
86.5	4.980156842248264e-23	12.566369650647328	12.566369650647328
86.6	5.508957110445674e-23	12.566369650647328	12.566369650647328
86.7	5.918642349728112e-23	12.566369650647328	12.566369650647328
86.8	6.194345371334437e-23	12.566369650647328	12.566369650647328
86.9	6.33401200302441e-23	12.566369650647328	12.566369650647328
87.0	6.34763061906495e-23	12.566369650647328	12.566369650647328
87.1	6.255505407576715e-23	12.566369650647328	12.566369650647328
87.2	6.08581952785171e-23	12.566369650647328	12.566369650647328
87.3	5.871788329431758e-23	12.566369650647328	12.566369650647328
87.4	5.648712426424597e-23	12.566369650647328	12.566369650647328
87.5	5.451207005071053e-23	12.566369650647328	12.566369650647328
87.6	5.310818339999446e-23	12.566369650647328	12.566369650647328
87.7	5.254158499562202e-23	12.566369650647328	12.566369650647328
87.8	5.301612678643919e-23	12.566369650647328	12.566369650647328
87.9	5.466613395818973e-23	12.566369650647328	12.566369650647328
88.0	5.755436470720681e-23	12.566369650647328	12.566369650647328
88.1	6.16745226487888e-23	12.566369650647328	12.566369650647328
88.2	6.695755553667924e-23	12.566369650647328	12.566369650647328
88.3	7.328093115562447e-23	12.566369650647328	12.566369650647328
88.4	8.04800812419073e-23	12.566369650647328	12.566369650647328
88.5	8.836126551190051e-23	12.566369650647328	12.566369650647328
88.6	9.671524563718898e-23	12.566369650647328	12.566369650647328
88.7	1.0533134327244633e-22	12.566369650647328	12.566369650647328
88.8	1.1401160218833953e-22	12.566369650647328	12.566369650647328
88.9	1.2258478071721154e-22	12.566369650647328	12.566369650647328
89.0	1.309197132572194e-22	12.566369650647328	12.566369650647328
89.1	1.3893724388191333e-22	12.566369650647328	12.566369650647328
89.2	1.4661960113992183e-22	12.566369650647328	12.566369650647328
89.3	1.540159481546787e-22	12.566369650647328	12.566369650647328
89.4	1.6124304641519947e-22	12.566369650647328	12.566369650647328
89.5	1.6848050654088344e-22	12.566369650647328	12.566369650647328
89.6	1.7596079619684779e-22	12.566369650647328	12.566369650647328
89.7	1.8395479120469517e-22	12.566369650647328	12.566369650647328
89.8	1.9275400552144847e-22	12.566369650647328	12.566369650647328
89.9	2.0265069800220771e-22	12.566369650647328	12.566369650647328
90.0	2.1391699197321433e-22	12.566369650647328	12.566369650647328
90.1	2.267842095612893e-22	12.566369650647328	12.566369650647328
90.2	2.414239786012599e-22	12.566369650647328	12.566369650647328
90.3	2.579332377620259e-22	12.566369650647328	12.566369650647328
90.4	2.7632572033256143e-22	12.566369650647328	12.566369650647328
90.5	2.9653242212818257e-22	12.566369650647328	12.566369650647328
90.6	3.1841267683250774e-22	12.566369650647328	12.566369650647328
90.7	3.4177582285637366e-22	12.566369650647328	12.566369650647328
90.8	3.664114680647192e-22	12.566369650647328	12.566369650647328
90.9	3.921246683995582e-22	12.566369650647328	12.566369650647328
91.0	4.1877146114265616e-22	12.566369650647328	12.566369650647328
91.1	4.462902944700816e-22	12.566369650647328	12.566369650647328
91.2	4.747257130080097e-22	12.566369650647328	12.566369650647328
91.3	5.042417037805986e-22	12.566369650647328	12.566369650647328
91.4	5.351229687482782e-22	12.566369650647328	12.566369650647328
91.5	5.677630060660519e-22	12.566369650647328	12.566369650647328
91.6	6.026385940977829e-22	12.566369650647328	12.566369650647328
91.7	6.402715960241207e-22	12.566369650647328	12.566369650647328
91.8	6.811812080893475e-22	12.566369650647328	12.566369650647328
91.9	7.258325465932411e-22	12.566369650647328	12.566369650647328
92.0	7.745899021167783e-22	12.566369650647328	12.566369650647328
92.1	8.276839474664323e-22	12.566369650647328	12.566369650647328
92.2	8.852008561043501e-22	12.566369650647328	12.566369650647328
92.3	9.470976632955805e-22	12.566369650647328	12.566369650647328
92.4	1.0132432122854728e-21	12.566369650647328	12.566369650647328
92.5	1.0834791793930529e-21	12.566369650647328	12.566369650647328
92.6	1.1576923482385455e-21	12.566369650647328	12.566369650647328
92.7	1.235888120102254e-21	12.566369650647328	12.566369650647328
92.8	1.3182558422851445e-21	12.566369650647328	12.566369650647328
92.9	1.4052179048533094e-21	12.566369650647328	12.566369650647328
93.0	1.4974557540820305e-21	12.566369650647328	12.566369650647328
93.1	1.5959068012640299e-21	12.566369650647328	12.566369650647328
93.2	1.7017274542984408e-21	12.566369650647328	12.566369650647328
93.3	1.8162204835266486e-21	12.566369650647328	12.566369650647328
93.4	1.940730550837819e-21	12.566369650647328	12.566369650647328
93.5	2.0765195656697727e-21	12.566369650647328	12.566369650647328
93.6	2.2246415749638364e-21	12.566369650647328	12.566369650647328
93.7	2.3858421442266134e-21	12.566369650647328	12.566369650647328
93.8	2.560506935346438e-21	12.566369650647328	12.566369650647328
93.9	2.7486774046707905e-21	12.566369650647328	12.566369650647328
94.0	2.9501396019729603e-21	12.566369650647328	12.566369650647328
94.1	3.1645782817403193e-21	12.566369650647328	12.566369650647328
94.2	3.391776798922503e-21	12.566369650647328	12.566369650647328
94.3	3.6318362085482454e-21	12.566369650647328	12.566369650647328
94.4	3.885384994346209e-21	12.566369650647328	12.566369650647328
94.5	4.1537521895272654e-21	12.566369650647328	12.566369650647328
94.6	4.439078942520956e-21	12.566369650647328	12.566369650647328
94.7	4.744345697601361e-21	12.566369650647328	12.566369650647328
94.8	5.0732954103793e-21	12.566369650647328	12.566369650647328
94.9	5.430240884311189e-21	12.566369650647328	12.566369650647328
95.0	5.8197595948012924e-21	12.566369650647328	12.566369650647328
95.1	6.246302671092516e-21	12.566369650647328	12.566369650647328
95.2	6.7137718405245986e-21	12.566369650647328	12.566369650647328
95.3	7.22514075693046e-21	12.566369650647328	12.566369650647328
95.4	7.782205732441725e-21	12.566369650647328	12.566369650647328
95.5	8.385539138211681e-21	12.566369650647328	12.566369650647328
95.6	9.034686930259603e-21	12.566369650647328	12.566369650647328
95.7	9.728607469644754e-21	12.566369650647328	12.566369650647328
95.8	1.04663040904317e-20	12.566369650647328	12.566369650647328
95.9	1.1247570034785275e-20	12.566369650647328	12.566369650647328
96.0	1.2073747022200471e-20	12.566369650647328	12.566369650647328
96.1	1.2948395983109687e-20	12.566369650647328	12.566369650647328
96.2	1.3877783787757858e-20	12.566369650647328	12.566369650647328
96.3	1.487109759340559e-20	12.566369650647328	12.566369650647328
96.4	1.594030947508258e-20	12.566369650647328	12.566369650647328
96.5	1.7099636666511057e-20	12.566369650647328	12.566369650647328
96.6	1.8364588525625134e-20	12.566369650647328	12.566369650647328
96.7	1.9750665961287e-20	12.566369650647328	12.566369650647328
96.8	2.1271873889488625e-20	12.566369650647328	12.566369650647328
96.9	2.293929730368396e-20	12.566369650647328	12.566369650647328
97.0	2.4760042677364247e-20	12.566369650647328	12.566369650647328
97.1	2.6736829850167378e-20	12.566369650647328	12.566369650647328
97.2	2.8868426387315673e-20	12.566369650647328	12.566369650647328
97.3	3.1150965094727444e-20	12.566369650647328	12.566369650647328
97.4	3.358001645897479e-20	12.566369650647328	12.566369650647328
97.5	3.6153146713300486e-20	12.566369650647328	12.566369650647328
97.6	3.8872608965115906e-20	12.566369650647328	12.566369650647328
97.7	4.1747792296189674e-20	12.566369650647328	12.566369650647328
97.8	4.479707234841888e-20	12.566369650647328	12.566369650647328
97.9	4.804874250920773e-20	12.566369650647328	12.566369650647328
98.0	5.154075018923397e-20	12.566369650647328	12.566369650647328
98.1	5.531903865276116e-20	12.566369650647328	12.566369650647328
98.2	5.943444039729661e-20	12.566369650647328	12.566369650647328
98.3	6.393831047898951e-20	12.566369650647328	12.566369650647328
98.4	6.887740961331533e-20	12.566369650647328	12.566369650647328
98.5	7.428887017608159e-20	12.566369650647328	12.566369650647328
98.6	8.019628554532199e-20	12.566369650647328	12.566369650647328
98.7	8.660794358569525e-20	12.566369650647328	12.566369650647328
98.8	9.351793048025099e-20	12.566369650647328	12.566369650647328
98.9	1.0091031178014393e-19	12.566369650647328	12.566369650647328
99.0	1.0876599165278128e-19	12.566369650647328	12.566369650647328
99.1	1.1707132776663355e-19	12.566369650647328	12.566369650647328
99.2	1.2582726226114694e-19	12.566369650647328	12.566369650647328
99.3	1.350576475552671e-19	12.566369650647328	12.566369650647328
99.4	1.4481553633412095e-19	12.566369650647328	12.566369650647328
99.5	1.5518637107482863e-19	12.566369650647328	12.566369650647328
99.6	1.6628719952998694e-19	12.566369650647328	12.566369650647328
99.7	1.7826130576967842e-19	12.566369650647328	12.566369650647328
99.8	1.912681046402752e-19	12.566369650647328	12.566369650647328
99.9	2.0546890423172376e-19	12.566369650647328	12.566369650647328
100.0	2.210101628475079e-19	12.566369650647328	12.566369650647328
