# dt=0.1 eps=0.001 size_x=64 size_v=128
# x : from 0.0 to 12.566370614359172
# v : from -6.0 to 6.0
# interpolation : Lagrange{BigFloat, true} order=21
#time	el-energy	kinetic-energy	global-energy
0.0	2.5132741126864393e-5	12.566369650622143	12.56639478336327
0.1	2.4819758695057287e-5	12.566369964585247	12.566394784343942
0.2	2.3897928242095152e-5	12.566370889295987	12.56639478722423
0.3	2.2417479405108692e-5	12.566372374344768	12.566394791824173
0.4	2.045847227580761e-5	12.566374339385618	12.566394797857894
0.5	1.8125588482843036e-5	12.566376679365103	12.566394804953585
0.6	1.554136724116888e-5	12.56637927131211	12.566394812679352
0.7	1.2838366393663825e-5	12.566381982206591	12.566394820572985
0.8	1.015080068399254e-5	12.566384677372787	12.56639482817347
0.9	7.606240249575417e-6	12.566387228811655	12.566394835051904
1.0	5.317939684799283e-6	12.566389522899907	12.566394840839592
1.1	3.3783134682095314e-6	12.566391466937855	12.566394845251324
1.2	1.853981786368572e-6	12.566392994120434	12.56639484810222
1.3	7.826893608390982e-7	12.56639406662772	12.56639484931708
1.4	1.7225851975989675e-7	12.56639467667317	12.56639484893169
1.5	1.5875575282190452e-9	12.566394845498685	12.566394847086242
1.6	2.2355797439611777e-7	12.566394620453572	12.566394844011546
1.7	7.695806071017606e-7	12.566394070428597	12.566394840009204
1.8	1.5554007496696816e-6	12.566393280026734	12.566394835427484
1.9	2.4877038442116383e-6	12.56639234293089	12.566394830634733
2.0	3.4710212834370746e-6	12.566391354971156	12.56639482599244
2.1	4.4144324275232805e-6	12.566390407397439	12.566394821829865
2.2	5.237593158654708e-6	12.566389580828984	12.566394818422143
2.3	5.875689342661742e-6	12.566388940283934	12.566394815973277
2.4	6.283009100465306e-6	12.566388531596038	12.566394814605138
2.5	6.434942550634073e-6	12.566388379410457	12.566394814353007
2.6	6.328342199632381e-6	12.566388486825522	12.566394815167722
2.7	5.980301542602337e-6	12.566388836622426	12.56639481692397
2.8	5.425524187968986e-6	12.566389393909642	12.56639481943383
2.9	4.712552542658983e-6	12.566390109911739	12.56639482246428
3.0	3.899197135754756e-6	12.566390926560056	12.566394825757191
3.1	3.0475505540205505e-6	12.566391781499568	12.566394829050122
3.2	2.2189817058668767e-6	12.56639261311466	12.566394832096366
3.3	1.469487225833595e-6	12.566393365195474	12.566394834682699
3.4	8.457301492215382e-7	12.566393990913497	12.566394836643646
3.5	3.8202643072010306e-7	12.566394455844877	12.566394837871307
3.6	9.8453913541801e-8	12.566394739866364	12.566394838320278
3.7	1.6341494330468456e-10	12.56639483784408	12.566394838007493
3.8	7.787546287160951e-8	12.56639475913188	12.566394837007342
3.9	3.094563942208009e-7	12.566394525986203	12.566394835442598
4.0	6.623906425906537e-7	12.56639417108152	12.566394833472161
4.1	1.0969073939911063e-6	12.566393734369335	12.566394831276728
4.2	1.569482970669961e-6	12.566393259560595	12.566394829043565
4.3	2.036427022669732e-6	12.566392790524647	12.56639482695167
4.4	2.4572706410908526e-6	12.566392367887751	12.566394825158392
4.5	2.7977058217188376e-6	12.566392026082701	12.566394823788523
4.6	3.0318747112300508e-6	12.566391791051805	12.566394822926515
4.7	3.143868977552502e-6	12.56639167874332	12.566394822612297
4.8	3.1283689266455e-6	12.566391694471845	12.566394822840772
4.9	2.9904228302468866e-6	12.566391833142022	12.566394823564853
5.0	2.7444337202331973e-6	12.566392080267866	12.566394824701586
5.1	2.4124786601501784e-6	12.566392413662058	12.566394826140717
5.2	2.022130223504388e-6	12.566392805624647	12.56639482775487
5.3	1.6039788370080267e-6	12.566393225431638	12.566394829410475
5.4	1.1890664227225396e-6	12.566393641912125	12.566394830978547
5.5	8.064364545128424e-7	12.566394025908016	12.566394832344471
5.6	4.809845260232055e-7	12.566394352431569	12.566394833416096
5.7	2.317593547166999e-7	12.56639460237024	12.566394834129595
5.8	7.082024954180179e-8	12.566394763632543	12.566394834452792
5.9	2.707443470380834e-9	12.566394831678357	12.5663948343858
6.0	2.4530550025830894e-8	12.56639480942857	12.56639483395912
6.1	1.266318336106257e-7	12.56639470659763	12.566394833229463
6.2	2.93738636888326e-7	12.566394538535134	12.56639483227377
6.3	5.06486134890992e-7	12.566394324695889	12.566394831182023
6.4	7.43169644584413e-7	12.566394086879795	12.56639483004944
6.5	9.815760697982068e-7	12.56639384739266	12.56639482896873
6.6	1.200746739327158e-6	12.56639362727627	12.566394828023009
6.7	1.3825379676979993e-6	12.566393444741898	12.566394827279867
6.8	1.5128693630150307e-6	12.566393313917644	12.566394826787006
6.9	1.5825808043109027e-6	12.5663932439889	12.566394826569704
7.0	1.5878542701563595e-6	12.56639323877588	12.56639482663015
7.1	1.5301933050719526e-6	12.566393296755354	12.56639482694866
7.2	1.4159879172017361e-6	12.566393411498577	12.566394827486494
7.3	1.2557234652574247e-6	12.566393572466573	12.566394828190038
7.4	1.0629164587529564e-6	12.566393766079395	12.566394828995854
7.5	8.528766351706492e-7	12.566393976959603	12.566394829836238
7.6	6.414023738440603e-7	12.566394189242384	12.566394830644757
7.7	4.4351537456201736e-7	12.566394387846005	12.566394831361379
7.8	2.7233118057320133e-7	12.566394559605593	12.566394831936773
7.9	1.381457788869808e-7	12.566394694189764	12.566394832335543
8.0	4.779685898070196e-8	12.566394784741304	12.566394832538164
8.1	4.3333623150900064e-9	12.566394828208203	12.566394832541565
8.2	7.000856304581023e-9	12.566394825357548	12.566394832358405
8.3	5.152512702731408e-8	12.566394780490013	12.56639483201514
8.4	1.3065411416436888e-7	12.566394700895021	12.566394831549134
8.5	2.3490048086640108e-7	12.566394596104622	12.566394831005104
8.6	3.534148512881725e-7	12.566394477016315	12.566394830431166
8.7	4.749136873539128e-7	12.566394354961211	12.566394829874898
8.8	5.88586019751757e-7	12.566394240793617	12.566394829379636
8.9	6.849094026813789e-7	12.566394144071948	12.56639482898135
9.0	7.563166950834729e-7	12.566394072389565	12.56639482870626
9.1	7.976704028582645e-7	12.566394030898971	12.566394828569374
9.2	8.065189321004192e-7	12.566394022055047	12.566394828573978
9.3	7.83127677680903e-7	12.566394045584405	12.566394828712083
9.4	7.302958953078344e-7	12.566394098669813	12.566394828965707
9.5	6.529864019770064e-7	12.56639417632249	12.566394829308893
9.6	5.57808175462383e-7	12.566394271902016	12.566394829710191
9.7	4.524010423130307e-7	12.566394377734428	12.56639483013547
9.8	3.447763749968969e-7	12.566394485774348	12.566394830550722
9.9	2.42667953276299e-7	12.566394588256777	12.56639483092473
10.0	1.5294313158823814e-7	12.5663946782882	12.566394831231332
10.1	8.11167594096951e-8	12.566394750334416	12.566394831451175
10.2	3.099974574800256e-8	12.566394800573072	12.566394831572817
10.3	4.501737344614963e-9	12.566394827091424	12.566394831593161
10.4	1.5941749359454898e-9	12.566394829923011	12.566394831517187
10.5	2.042708193175516e-8	12.566394810930019	12.566394831357101
10.6	5.7581316869290835e-8	12.566394773549622	12.566394831130939
10.7	1.0842851712013843e-7	12.566394722432294	12.566394830860812
10.8	1.6756419356160263e-7	12.566394663006744	12.566394830570937
10.9	2.2927577068376174e-7	12.566394601009858	12.566394830285628
11.0	2.8800690596570856e-7	12.566394542020468	12.566394830027374
11.1	3.3878201180698413e-7	12.56639449103319	12.566394829815202
11.2	3.7756015907601686e-7	12.566394452103234	12.566394829663393
11.3	4.014948940492385e-7	12.566394428085752	12.566394829580647
11.4	4.090852507039564e-7	12.566394420484485	12.566394829569736
11.5	4.0021262087880995e-7	12.566394429415016	12.566394829627637
11.6	3.7606738494454454e-7	12.566394453678733	12.566394829746118
11.7	3.389775913565466e-7	12.566394490935096	12.566394829912687
11.8	2.921589000508176e-7	12.566394537952927	12.566394830111827
11.9	2.394100173764367e-7	12.566394590916367	12.566394830326384
12.0	1.8478067105381393e-7	12.56639464575834	12.56639483053901
12.1	1.3223971231197498e-7	12.566394698493813	12.566394830733525
12.2	8.536928245224704e-8	12.566394745526837	12.56639483089612
12.3	4.710740169358862e-8	12.566394783908889	12.566394831016291
12.4	1.9556223788105108e-8	12.566394811531243	12.566394831087466
12.5	3.867041603724378e-9	12.566394827240243	12.566394831107285
12.6	2.064701177741606e-10	12.566394830871063	12.566394831077533
12.7	7.801624328363893e-9	12.566394823202137	12.56639483100376
12.8	2.505606414208467e-8	12.566394805838552	12.566394830894616
12.9	4.972323542431164e-8	12.56639478103776	12.566394830760995
13.0	7.912043071510198e-8	12.566394751494615	12.566394830615046
13.1	1.1036413481021087e-7	12.566394720105016	12.566394830469152
13.2	1.406070862170155e-7	12.566394689727865	12.566394830334952
13.3	1.672584206307165e-7	12.566394662964049	12.56639483022247
13.4	1.8817069282737227e-7	12.566394641968733	12.566394830139426
13.5	2.0178112582345438e-7	12.566394628309652	12.566394830090777
13.6	2.0719876639095788e-7	12.566394622879725	12.566394830078492
13.7	2.0423394929942056e-7	12.56639462586762	12.566394830101569
13.8	1.933711963847338e-7	12.566394636785104	12.5663948301563
13.9	1.7569103142665022e-7	12.566394654545679	12.56639483023671
14.0	1.5274985934730405e-7	12.566394677585317	12.566394830335176
14.1	1.2642979258384516e-7	12.56639470401331	12.566394830443103
14.2	9.87719503665605e-8	12.566394731779717	12.566394830551667
14.3	7.180724450883548e-8	12.566394758845265	12.56639483065251
14.4	4.7398028713598736e-8	12.566394783340343	12.566394830738371
14.5	2.7102343937601555e-8	12.566394803701245	12.566394830803588
14.6	1.2070028499236311e-8	12.566394818774413	12.566394830844441
14.7	2.9769196857512167e-9	12.566394827882416	12.566394830859336
14.8	2.5772161243107278e-14	12.566394830848765	12.566394830848791
14.9	2.833173500532383e-9	12.566394827982112	12.566394830815286
15.0	1.073950147177519e-8	12.56639482002344	12.566394830762942
15.1	2.2634505383741763e-8	12.566394808062594	12.5663948306971
15.2	3.7191326951331406e-8	12.56639479343251	12.566394830623837
15.3	5.295873344261371e-8	12.56639477759071	12.566394830549445
15.4	6.84818106455324e-8	12.566394761998115	12.566394830479926
15.5	8.241577310046241e-8	12.566394748004768	12.566394830420542
15.6	9.36244039444722e-8	12.566394736751038	12.566394830375442
15.7	1.0125634281165589e-7	12.566394729091074	12.566394830347416
15.8	1.0479457502763849e-7	12.566394725543171	12.566394830337746
15.9	1.0407684646214402e-7	12.566394726269351	12.566394830346198
16.0	9.928713645988639e-8	12.566394731083998	12.566394830371134
16.1	9.092057582268378e-8	12.566394739489146	12.566394830409722
16.2	7.97261307504221e-8	12.5663947507321	12.566394830458231
16.3	6.663285484808741e-8	12.56639476387951	12.566394830512365
16.4	5.266645089740627e-8	12.566394777901198	12.56639483056765
16.5	3.886324082216477e-8	12.566394791756538	12.56639483061978
16.6	2.61884229081646e-8	12.566394804476527	12.566394830664949
16.7	1.5464751266172553e-8	12.566394815235373	12.566394830700125
16.8	7.316593104885369e-9	12.566394823406632	12.566394830723226
16.9	2.132822686821099e-9	12.56639482860042	12.566394830733241
17.0	5.03327321098795e-11	12.566394830679908	12.56639483073024
17.1	9.582264780476589e-10	12.566394829757074	12.566394830715302
17.2	4.5211332057916216e-9	12.56639482616924	12.566394830690374
17.3	1.0218687703819632e-8	12.566394820439378	12.566394830658066
17.4	1.739712651265202e-8	12.56639481322428	12.566394830621407
17.5	2.5328247200530712e-8	12.566394805255339	12.566394830583587
17.6	3.327068394068449e-8	12.566394797277004	12.566394830547688
17.7	4.0528571612187223e-8	12.566394789987894	12.566394830516467
17.8	4.650316774116543e-8	12.56639478398897	12.566394830492138
17.9	5.07338154979726e-8	12.566394779742438	12.566394830476254
18.0	5.2925679210547576e-8	12.566394777543927	12.566394830469607
18.1	5.2962870568689266e-8	12.566394777509347	12.566394830472218
18.2	5.090680787786789e-8	12.566394779576578	12.566394830483386
18.3	4.698081444952428e-8	12.566394783520964	12.566394830501778
18.4	4.1542978110617384e-8	12.566394788982597	12.566394830525576
18.5	3.505009125291022e-8	12.566394795502552	12.566394830552643
18.6	2.8016020473043738e-8	12.566394802564695	12.566394830580714
18.7	2.09680911978971e-8	12.56639480963949	12.566394830607582
18.8	1.440501470785534e-8	12.566394816226241	12.566394830631255
18.9	8.759554694739526e-9	12.566394821890565	12.56639483065012
19.0	4.3685699282178e-9	12.566394826294452	12.566394830663022
19.1	1.452336265504126e-9	12.566394829217014	12.566394830669351
19.2	1.0421272158500174e-10	12.566394830564821	12.566394830669035
19.3	2.908444212990212e-10	12.566394830371689	12.566394830662533
19.4	1.862260120762793e-9	12.566394828788495	12.566394830650754
19.5	4.570486710455507e-9	12.566394826064485	12.566394830634971
19.6	8.094719235114031e-9	12.56639482252197	12.566394830616689
19.7	1.2070689127061319e-8	12.566394818526824	12.566394830597513
19.8	1.612168531325141e-8	12.566394814457345	12.56639483057903
19.9	1.9888704967198294e-8	12.566394810673968	12.566394830562674
20.0	2.3057428713820615e-8	12.566394807492195	12.566394830549623
20.1	2.5380100367038022e-8	12.566394805160632	12.566394830540732
20.2	2.66909037287316e-8	12.566394803845576	12.56639483053648
20.3	2.6914020985457032e-8	12.566394803622924	12.566394830536945
20.4	2.606417779965053e-8	12.56639480447766	12.566394830541839
20.5	2.4240079098586273e-8	12.566394806310461	12.56639483055054
20.6	2.161167128762644e-8	12.566394808950495	12.566394830562166
20.7	1.8402593582938674e-8	12.566394812173067	12.56639483057566
20.8	1.4869476223357385e-8	12.566394815720402	12.566394830589878
20.9	1.1279891256728365e-8	12.566394819323797	12.566394830603688
21.0	7.890759584355666e-9	12.566394822725298	12.566394830616058
21.1	4.9288750586632906e-9	12.566394825697248	12.566394830626123
21.2	2.574942207946014e-9	12.566394828058316	12.566394830633259
21.3	9.521664753242438e-10	12.566394829684931	12.566394830637098
21.4	1.2001822393925643e-10	12.56639483051754	12.566394830637558
21.5	7.335038822766974e-11	12.56639483056147	12.56639483063482
21.6	7.466204560748753e-10	12.566394829882688	12.566394830629308
21.7	2.022583276171373e-9	12.566394828599053	12.566394830621636
21.8	3.744509356716251e-9	12.566394826868041	12.56639483061255
21.9	5.73076393023284e-9	12.566394824872095	12.566394830602858
22.0	7.790466759596175e-9	12.566394822802904	12.56639483059337
22.1	9.738944277172863e-9	12.56639482084589	12.566394830584834
22.2	1.1411778480999137e-8	12.566394819166094	12.566394830577872
22.3	1.2676437784567102e-8	12.566394817896514	12.566394830572952
22.4	1.344072437014064e-8	12.566394817129623	12.566394830570347
22.5	1.3657566959663523e-8	12.566394816912576	12.566394830570143
22.6	1.3326001605229309e-8	12.56639481724622	12.566394830572222
22.7	1.2488490442558722e-8	12.56639481808781	12.5663948305763
22.8	1.122500569830301e-8	12.566394819356946	12.56639483058195
22.9	9.644533698405915e-9	12.566394820944122	12.566394830588656
23.0	7.87481637645771e-9	12.566394822721017	12.566394830595835
23.1	6.051236952996297e-9	12.566394824551674	12.566394830602912
23.2	4.305769453436465e-9	12.566394826303581	12.566394830609351
23.3	2.7568520669354203e-9	12.566394827857845	12.566394830614698
23.4	1.5009210051435893e-9	12.566394829117687	12.566394830618608
23.5	6.061679258871593e-10	12.566394830014707	12.566394830620874
23.6	1.0887669937764828e-10	12.566394830512548	12.566394830621425
23.7	1.2472519832676901e-11	12.566394830607855	12.566394830620327
23.8	2.891964378616583e-10	12.56639483032858	12.566394830617776
23.9	8.841183305049345e-10	12.56639482972995	12.566394830614067
24.0	1.7210355932864044e-9	12.56639482888853	12.566394830609566
24.1	2.7096843463906187e-9	12.566394827894996	12.56639483060468
24.2	3.753621424398871e-9	12.566394826846203	12.566394830599824
24.3	4.758121132932316e-9	12.566394825837262	12.566394830595383
24.4	5.637468598820976e-9	12.566394824954218	12.566394830591687
24.5	6.3211154562556845e-9	12.56639482426787	12.566394830588987
24.6	6.75828430159971e-9	12.566394823829159	12.566394830587443
24.7	6.920754193998671e-9	12.56639482366636	12.566394830587114
24.8	6.803717581844518e-9	12.566394823784245	12.566394830587962
24.9	6.424756308943257e-9	12.5663948241651	12.566394830589855
25.0	5.821128553987199e-9	12.566394824771463	12.566394830592591
25.1	5.045679187505393e-9	12.566394825550232	12.566394830595911
25.2	4.161775062954107e-9	12.566394826437753	12.566394830599528
25.3	3.2377191114226487e-9	12.566394827365427	12.566394830603146
25.4	2.341110870388793e-9	12.566394828265377	12.566394830606487
25.5	1.5335974644171625e-9	12.566394829075719	12.566394830609317
25.6	8.664021372335178e-10	12.566394829745041	12.566394830611443
25.7	3.769336396912489e-10	12.566394830235819	12.566394830612753
25.8	8.667725508464848e-11	12.566394830526516	12.566394830613193
25.9	4.561200192708548e-13	12.566394830612332	12.566394830612788
26.0	1.0703911138921669e-10	12.566394830504585	12.566394830611625
26.1	3.8096771929857783e-10	12.566394830228873	12.566394830609841
26.2	7.853866226666864e-10	12.566394829822235	12.56639483060762
26.3	1.27559702456895e-9	12.56639482932957	12.566394830605166
26.4	1.803012010078906e-9	12.566394828799677	12.56639483060269
26.5	2.3191808332320718e-9	12.566394828281204	12.566394830600386
26.6	2.779563456045972e-9	12.566394827818868	12.566394830598432
26.7	3.146775132379657e-9	12.566394827450187	12.566394830596963
26.8	3.3930789153104167e-9	12.566394827202988	12.566394830596067
26.9	3.5019759616975563e-9	12.56639482709381	12.566394830595785
27.0	3.4688229569068656e-9	12.566394827127283	12.566394830596106
27.1	3.3004862326985597e-9	12.566394827296486	12.566394830596973
27.2	3.014116881557612e-9	12.56639482758417	12.566394830598288
27.3	2.635194868119091e-9	12.56639482796473	12.566394830599926
27.4	2.1950384798948026e-9	12.566394828406702	12.566394830601741
27.5	1.7280055796499664e-9	12.566394828875579	12.566394830603585
27.6	1.2686237495488857e-9	12.56639482933669	12.566394830605315
27.7	8.48877880764077e-10	12.566394829757927	12.566394830606805
27.8	4.95857868200259e-10	12.566394830112097	12.566394830607955
27.9	2.2992887419809764e-10	12.566394830378771	12.566394830608699
28.0	6.353611961323912e-11	12.56639483054547	12.566394830609006
28.1	6.999060972941084e-13	12.566394830608177	12.566394830608877
28.2	3.719930860544216e-11	12.566394830571156	12.566394830608354
28.3	1.6138923828946013e-10	12.566394830446114	12.566394830607504
28.4	3.55549353977622e-10	12.566394830250863	12.566394830606411
28.5	5.976277616288884e-10	12.566394830007555	12.566394830605184
28.6	8.63219728500007e-10	12.566394829740702	12.566394830603922
28.7	1.1276127653763891e-9	12.566394829475119	12.566394830602732
28.8	1.3677342672020243e-9	12.56639482923397	12.566394830601704
28.9	1.5638552568462176e-9	12.566394829037053	12.566394830600908
29.0	1.7009315480132111e-9	12.566394828899467	12.566394830600398
29.1	1.7694990414058011e-9	12.5663948288307	12.5663948306002
29.2	1.766079672757411e-9	12.566394828834227	12.566394830600306
29.3	1.6930953687300732e-9	12.566394828907603	12.566394830600698
29.4	1.558325983165796e-9	12.566394829043002	12.566394830601329
29.5	1.3739806950085792e-9	12.566394829228152	12.566394830602132
29.6	1.1554784344992412e-9	12.566394829447564	12.566394830603043
29.7	9.200499681125801e-10	12.56639482968393	12.56639483060398
29.8	6.852815175423261e-10	12.566394829919592	12.566394830604873
29.9	4.677172312757026e-10	12.566394830137938	12.566394830605654
30.0	2.816262515933123e-10	12.566394830324647	12.566394830606272
30.1	1.3802096637219962e-10	12.566394830468669	12.56639483060669
30.2	4.398825174704644e-11	12.5663948305629	12.566394830606887
30.3	2.367370654833059e-12	12.566394830604494	12.566394830606862
30.4	1.1779093056362312e-11	12.566394830594854	12.566394830606633
30.5	6.698287787985971e-11	12.566394830539247	12.56639483060623
30.6	1.5951469008814132e-10	12.566394830446182	12.566394830605697
30.7	2.785389098871604e-10	12.566394830326544	12.566394830605082
30.8	4.118350129332579e-10	12.566394830192607	12.566394830604443
30.9	5.46833882312198e-10	12.566394830056996	12.56639483060383
31.0	6.71619795878922e-10	12.566394829931669	12.566394830603288
31.1	7.758218074432548e-10	12.566394829827042	12.566394830602864
31.2	8.51331421278315e-10	12.566394829751244	12.566394830602576
31.3	8.928007888209283e-10	12.566394829709644	12.566394830602444
31.4	8.978955330526375e-10	12.566394829704574	12.56639483060247
31.5	8.672970248653701e-10	12.566394829735346	12.566394830602643
31.6	8.04468827270459e-10	12.566394829798472	12.566394830602942
31.7	7.152195820732642e-10	12.566394829888116	12.566394830603336
31.8	6.071086059122919e-10	12.56639482999668	12.56639483060379
31.9	4.887500067385308e-10	12.566394830115515	12.566394830604265
32.0	3.6907574632311944e-10	12.566394830235648	12.566394830604724
32.1	2.5661769156823196e-10	12.566394830348516	12.566394830605134
32.2	1.5886364418927347e-10	12.566394830446601	12.566394830605464
32.3	8.173328726537298e-11	12.566394830523963	12.566394830605697
32.4	2.920788325506117e-11	12.566394830576609	12.566394830605818
32.5	3.1335288410176377e-12	12.566394830602691	12.566394830605825
32.6	3.2030284008652376e-12	12.566394830602524	12.566394830605727
32.7	2.7107184892515932e-11	12.566394830578432	12.566394830605539
32.8	7.08336108393755e-11	12.566394830534446	12.56639483060528
32.9	1.2908093223480018e-10	12.566394830475893	12.566394830604974
33.0	1.9574914767872175e-10	12.566394830408901	12.56639483060465
33.1	2.6446328438816975e-10	12.566394830339872	12.566394830604336
33.2	3.290874375387824e-10	12.566394830274966	12.566394830604054
33.3	3.841895821168664e-10	12.566394830219636	12.566394830603826
33.4	4.2542374933134346e-10	12.566394830178243	12.566394830603667
33.5	4.4980460536209193e-10	12.566394830153781	12.566394830603585
33.6	4.558593652308734e-10	12.566394830147726	12.566394830603585
33.7	4.436524591599872e-10	12.566394830160007	12.56639483060366
33.8	4.14688588232044e-10	12.566394830189111	12.5663948306038
33.9	3.717089773268317e-10	12.566394830232282	12.566394830603992
34.0	3.1840310155992e-10	12.566394830285814	12.566394830604217
34.1	2.590634452229823e-10	12.566394830345395	12.566394830604459
34.2	1.9821366653264382e-10	12.56639483040648	12.566394830604693
34.3	1.4024081415508175e-10	12.566394830464667	12.566394830604908
34.4	8.906010236183021e-11	12.566394830516023	12.566394830605082
34.5	4.783651147450085e-11	12.566394830557373	12.56639483060521
34.6	1.8781595417038394e-11	12.5663948305865	12.566394830605281
34.7	3.036906555198723e-12	12.56639483060226	12.566394830605297
34.8	6.479991572372857e-13	12.56639483060461	12.566394830605258
34.9	1.0625657369837118e-11	12.566394830594543	12.56639483060517
35.0	3.1084375413163096e-11	12.566394830573959	12.566394830605043
35.1	5.94426725503641e-11	12.56639483054545	12.566394830604892
35.2	9.26659090778216e-11	12.566394830512063	12.566394830604729
35.3	1.2753009725656224e-10	12.566394830477037	12.566394830604567
35.4	1.6088483881306201e-10	12.566394830443535	12.56639483060442
35.5	1.8989488904995204e-10	12.566394830414405	12.566394830604299
35.6	2.122427368652321e-10	12.56639483039197	12.566394830604212
35.7	2.2627868385784e-10	12.566394830377885	12.566394830604164
35.8	2.3110981264159704e-10	12.566394830373044	12.566394830604153
35.9	2.266245226835951e-10	12.566394830377561	12.566394830604185
36.0	2.1345454548496736e-10	12.566394830390797	12.566394830604251
36.1	1.9288112396919917e-10	12.566394830411463	12.566394830604343
36.2	1.6669600786358577e-10	12.56639483043776	12.566394830604457
36.3	1.3703081551193112e-10	12.566394830467546	12.566394830604576
36.4	1.0616997985455371e-10	12.566394830498528	12.566394830604697
36.5	7.636287508736345e-11	12.566394830528447	12.566394830604809
36.6	4.9649857697860823e-11	12.566394830555254	12.566394830604903
36.7	2.7714992360745155e-11	12.566394830577257	12.566394830604972
36.8	1.1775388376557162e-11	12.56639483059324	12.566394830605015
36.9	2.5136206907467662e-12	12.566394830602514	12.566394830605027
37.0	5.595690210197517e-14	12.566394830604956	12.566394830605013
37.1	3.9953692926746595e-12	12.566394830600977	12.566394830604972
37.2	1.3454870739090609e-11	12.566394830591456	12.56639483060491
37.3	2.718382638652617e-11	12.566394830577654	12.566394830604837
37.4	4.367775201265946e-11	12.566394830561077	12.566394830604754
37.5	6.131083812588106e-11	12.566394830543361	12.566394830604672
37.6	7.847008381297079e-11	12.566394830526127	12.566394830604597
37.7	9.368045942975544e-11	12.566394830510852	12.566394830604532
37.8	1.0571184765822306e-10	12.566394830498773	12.566394830604484
37.9	1.1366048692345648e-10	12.566394830490795	12.566394830604455
38.0	1.1700006700250602e-10	12.566394830487448	12.566394830604448
38.1	1.1560028736306327e-10	12.56639483048886	12.56639483060446
38.2	1.0971336235968592e-10	12.566394830494778	12.56639483060449
38.3	9.993143411172648e-11	12.566394830504604	12.566394830604535
38.4	8.711995179512382e-11	12.56639483051747	12.56639483060459
38.5	7.233365374925582e-11	12.56639483053232	12.566394830604652
38.6	5.672275387284058e-11	12.566394830547992	12.566394830604715
38.7	4.1437247289253527e-11	12.566394830563334	12.566394830604771
38.8	2.7536926482127247e-11	12.566394830577284	12.566394830604821
38.9	1.591380127682373e-11	12.566394830588944	12.566394830604859
39.0	7.2322485099959174e-12	12.56639483059765	12.566394830604882
39.1	1.8905148184997374e-12	12.566394830603	12.56639483060489
39.2	5.311659462792126e-15	12.566394830604882	12.566394830604887
39.3	1.4193335196363527e-12	12.566394830603448	12.566394830604867
39.4	5.729748810049963e-12	12.56639483059911	12.56639483060484
39.5	1.2334189839913548e-11	12.566394830592468	12.566394830604803
39.6	2.0489607170788968e-11	12.566394830584272	12.566394830604763
39.7	2.9378623769678725e-11	12.56639483057534	12.56639483060472
39.8	3.8177757105692933e-11	12.566394830566502	12.566394830604679
39.9	4.612206605948062e-11	12.566394830558524	12.566394830604645
40.0	5.2561382395764597e-11	12.566394830552058	12.566394830604619
40.1	5.700423187451679e-11	12.5663948305476	12.566394830604604
40.2	5.914674363687168e-11	12.566394830545452	12.5663948306046
40.3	5.88851802861835e-11	12.566394830545716	12.566394830604601
40.4	5.631208253386756e-11	12.566394830548305	12.566394830604617
40.5	5.169730335088636e-11	12.566394830552941	12.566394830604638
40.6	4.545631190614942e-11	12.56639483055921	12.566394830604667
40.7	3.8109001219323046e-11	12.566394830566587	12.566394830604695
40.8	3.023278362150416e-11	12.566394830574495	12.566394830604729
40.9	2.2413979809482702e-11	12.566394830582343	12.566394830604757
41.0	1.5201402664186468e-11	12.566394830589582	12.566394830604784
41.1	9.065633629949105e-12	12.566394830595739	12.566394830604803
41.2	4.366836592393605e-12	12.566394830600451	12.566394830604818
41.3	1.3331177080579438e-12	12.56639483060349	12.566394830604823
41.4	5.049583856838385e-14	12.566394830604771	12.566394830604821
41.5	4.645772984760841e-13	12.56639483060435	12.566394830604816
41.6	2.3931080724148536e-12	12.566394830602407	12.5663948306048
41.7	5.5477754801598055e-12	12.566394830599235	12.566394830604782
41.8	9.563005016818924e-12	12.566394830595199	12.56639483060476
41.9	1.4029085334699522e-11	12.566394830590712	12.566394830604741
42.0	1.8526774636388427e-11	12.566394830586194	12.566394830604722
42.1	2.2660595295171456e-11	12.566394830582043	12.566394830604704
42.2	2.6088292237011877e-11	12.5663948305786	12.566394830604688
42.3	2.854438068586672e-11	12.566394830576135	12.566394830604679
42.4	2.985629430444707e-11	12.56639483057482	12.566394830604677
42.5	2.9952311727008595e-11	12.566394830574724	12.566394830604677
42.6	2.886113098644198e-11	12.566394830575822	12.566394830604683
42.7	2.67036218727958e-11	12.56639483057799	12.566394830604693
42.8	2.3677866044780348e-11	12.566394830581029	12.566394830604706
42.9	2.003905325111188e-11	12.566394830584683	12.566394830604722
43.0	1.607611069729924e-11	12.566394830588662	12.566394830604738
43.1	1.208708622368852e-11	12.566394830592666	12.566394830604752
43.2	8.355283150687129e-12	12.566394830596412	12.566394830604768
43.3	5.127967090080004e-12	12.56639483059965	12.566394830604779
43.4	2.5991558004429625e-12	12.566394830602187	12.566394830604786
43.5	8.975942712695587e-13	12.566394830603892	12.56639483060479
43.6	8.054652520753048e-14	12.56639483060471	12.56639483060479
43.7	1.3354357373714925e-13	12.566394830604652	12.566394830604786
43.8	9.75753253953552e-13	12.566394830603803	12.566394830604779
43.9	2.4702182254716106e-12	12.5663948306023	12.566394830604771
44.0	4.437872760066427e-12	12.566394830600323	12.56639483060476
44.1	6.674018359390593e-12	12.566394830598076	12.56639483060475
44.2	8.965824472270285e-12	12.566394830595774	12.56639483060474
44.3	1.1109425613752495e-11	12.566394830593621	12.56639483060473
44.4	1.2925302576452312e-11	12.566394830591797	12.566394830604722
44.5	1.4270847469372285e-11	12.566394830590447	12.566394830604718
44.6	1.5049297768064225e-11	12.566394830589665	12.566394830604715
44.7	1.5214556739569376e-11	12.5663948305895	12.566394830604715
44.8	1.477176777659415e-11	12.566394830589946	12.566394830604718
44.9	1.3773849910189583e-11	12.56639483059095	12.566394830604724
45.0	1.2314505158034737e-11	12.566394830592415	12.566394830604729
45.1	1.0518453875756401e-11	12.56639483059422	12.566394830604738
45.2	8.52982616005901e-12	12.566394830596217	12.566394830604747
45.3	6.4997264999843036e-12	12.566394830598254	12.566394830604754
45.4	4.5739931493299076e-12	12.566394830600187	12.56639483060476
45.5	2.8820977223833166e-12	12.566394830601885	12.566394830604766
45.6	1.527984977757256e-12	12.566394830603242	12.56639483060477
45.7	5.83453238626753e-13	12.566394830604189	12.566394830604771
45.8	8.444137065229498e-14	12.56639483060469	12.566394830604775
45.9	3.0339282545280136e-14	12.566394830604741	12.566394830604771
46.0	3.861959020550146e-13	12.566394830604382	12.566394830604768
46.1	1.0874800271011912e-12	12.566394830603677	12.566394830604764
46.2	2.0468707184064203e-12	12.566394830602713	12.566394830604759
46.3	3.1624263339259584e-12	12.566394830601592	12.566394830604754
46.4	4.326411779378706e-12	12.566394830600423	12.56639483060475
46.5	5.4340542805485106e-12	12.566394830599311	12.566394830604745
46.6	6.391546541632415e-12	12.566394830598348	12.56639483060474
46.7	7.1227156706639815e-12	12.566394830597615	12.566394830604738
46.8	7.573915947551884e-12	12.566394830597162	12.566394830604736
46.9	7.716869669142628e-12	12.56639483059702	12.566394830604736
47.0	7.549357714912805e-12	12.566394830597188	12.566394830604738
47.1	7.093835096763944e-12	12.566394830597645	12.566394830604738
47.2	6.394203257941175e-12	12.566394830598348	12.566394830604743
47.3	5.51109967410196e-12	12.566394830599235	12.566394830604745
47.4	4.516158874731546e-12	12.566394830600235	12.56639483060475
47.5	3.4857527649592897e-12	12.566394830601268	12.566394830604754
47.6	2.4947301557911855e-12	12.566394830602263	12.566394830604757
47.7	1.6106463829541328e-12	12.56639483060315	12.56639483060476
47.8	8.889073670742545e-13	12.566394830603874	12.566394830604763
47.9	3.691551588404993e-13	12.566394830604395	12.566394830604764
48.0	7.310361243237969e-14	12.566394830604692	12.566394830604764
48.1	3.9050013494228275e-15	12.56639483060476	12.566394830604764
48.2	1.4700306131902967e-13	12.566394830604617	12.566394830604764
48.3	4.723154642277843e-13	12.566394830604288	12.56639483060476
48.4	9.374966160431184e-13	12.566394830603821	12.566394830604759
48.5	1.4919644289969987e-12	12.566394830603263	12.566394830604755
48.6	2.0813345509823232e-12	12.566394830602672	12.566394830604754
48.7	2.6518933562699283e-12	12.566394830602098	12.56639483060475
48.8	3.1547569182331953e-12	12.566394830601594	12.566394830604748
48.9	3.549406102100757e-12	12.566394830601197	12.566394830604747
49.0	3.806354565616091e-12	12.56639483060094	12.566394830604747
49.1	3.908790663059678e-12	12.566394830600837	12.566394830604745
49.2	3.853127225607163e-12	12.566394830600894	12.566394830604747
49.3	3.648485058918452e-12	12.5663948306011	12.566394830604748
49.4	3.315217948828134e-12	12.566394830601434	12.566394830604748
49.5	2.8826530117712355e-12	12.566394830601869	12.566394830604752
49.6	2.3862676751439197e-12	12.566394830602368	12.566394830604754
49.7	1.86455310123699e-12	12.56639483060289	12.566394830604755
49.8	1.355823938345745e-12	12.566394830603402	12.566394830604757
49.9	8.95226008609517e-13	12.566394830603864	12.566394830604759
50.0	5.121667814859067e-13	12.566394830604247	12.566394830604759
50.1	2.2834904907844596e-13	12.566394830604533	12.566394830604763
50.2	5.6529309579164844e-14	12.566394830604706	12.566394830604763
50.3	5.505269521350996e-17	12.56639483060476	12.56639483060476
50.4	5.3167373010536255e-14	12.566394830604708	12.56639483060476
50.5	2.0199480001533015e-13	12.566394830604558	12.56639483060476
50.6	4.2611623185580665e-13	12.566394830604333	12.566394830604759
50.7	7.005373790377621e-13	12.566394830604057	12.566394830604757
50.8	9.979055223999546e-13	12.566394830603757	12.566394830604755
50.9	1.2907801533719036e-12	12.566394830603464	12.566394830604755
51.0	1.5537814192145565e-12	12.5663948306032	12.566394830604754
51.1	1.7654546108721792e-12	12.566394830602986	12.566394830604752
51.2	1.909717705869036e-12	12.566394830602842	12.566394830604752
51.3	1.976799176263535e-12	12.566394830602775	12.566394830604752
51.4	1.9636212275022714e-12	12.566394830602789	12.566394830604752
51.5	1.8736334147588545e-12	12.56639483060288	12.566394830604754
51.6	1.7161467256484545e-12	12.566394830603038	12.566394830604754
51.7	1.505253874206765e-12	12.56639483060325	12.566394830604754
51.8	1.2584457947992265e-12	12.566394830603496	12.566394830604754
51.9	9.950479087068513e-13	12.56639483060376	12.566394830604755
52.0	7.346045713859836e-13	12.566394830604022	12.566394830604757
52.1	4.953375269663452e-13	12.566394830604263	12.566394830604759
52.2	2.927941371767701e-13	12.566394830604466	12.566394830604759
52.3	1.3878274403149219e-13	12.56639483060462	12.566394830604759
52.4	4.066559382298586e-14	12.566394830604718	12.566394830604759
52.5	1.0461450743554736e-15	12.566394830604759	12.56639483060476
52.6	1.785136729498304e-14	12.566394830604741	12.566394830604759
52.7	8.477591080708875e-14	12.566394830604674	12.566394830604759
52.8	1.9202807254704597e-13	12.566394830604565	12.566394830604757
52.9	3.272993325112844e-13	12.56639483060443	12.566394830604757
53.0	4.768694900183365e-13	12.56639483060428	12.566394830604755
53.1	6.267563221127974e-13	12.56639483060413	12.566394830604757
53.2	7.638206383702346e-13	12.566394830603992	12.566394830604755
53.3	8.767442323548906e-13	12.566394830603878	12.566394830604755
53.4	9.568101980486274e-13	12.566394830603798	12.566394830604755
53.5	9.984330006037586e-13	12.566394830603757	12.566394830604755
53.6	9.994088624134068e-13	12.566394830603755	12.566394830604755
53.7	9.608829252943136e-13	12.566394830603794	12.566394830604755
53.8	8.870545591471192e-13	12.566394830603869	12.566394830604755
53.9	7.846625840901127e-13	12.566394830603972	12.566394830604757
54.0	6.623060408599622e-13	12.566394830604095	12.566394830604757
54.1	5.296634348662037e-13	12.566394830604228	12.566394830604757
54.2	3.9667541750611833e-13	12.566394830604361	12.566394830604757
54.3	2.7275416447939156e-13	12.566394830604485	12.566394830604759
54.4	1.6607797599797153e-13	12.566394830604592	12.566394830604757
54.5	8.302159205915975e-14	12.566394830604676	12.566394830604759
54.6	2.776080982430834e-14	12.56639483060473	12.566394830604759
54.7	2.074309825412887e-15	12.566394830604757	12.566394830604759
54.8	5.347527674192802e-15	12.566394830604754	12.566394830604759
54.9	3.4765414691191777e-14	12.566394830604724	12.566394830604759
55.0	8.566566765073825e-14	12.566394830604672	12.566394830604757
55.1	1.5201328161415965e-13	12.566394830604606	12.566394830604759
55.2	2.2695149833394583e-13	12.56639483060453	12.566394830604757
55.3	3.0338260708015133e-13	12.566394830604454	12.566394830604757
55.4	3.7453341245759187e-13	12.566394830604382	12.566394830604757
55.5	4.3446370977295013e-13	12.566394830604322	12.566394830604757
55.6	4.784817148561235e-13	12.566394830604278	12.566394830604755
55.7	5.034384162598785e-13	12.566394830604253	12.566394830604755
55.8	5.078833536987929e-13	12.56639483060425	12.566394830604757
55.9	4.920767057931138e-13	12.566394830604265	12.566394830604757
56.0	4.578653030973357e-13	12.566394830604299	12.566394830604757
56.1	4.084414421321388e-13	12.566394830604349	12.566394830604757
56.2	3.4801170224943227e-13	12.566394830604409	12.566394830604757
56.3	2.814077659045544e-13	12.566394830604477	12.566394830604757
56.4	2.1367281103494643e-13	12.566394830604544	12.566394830604757
56.5	1.4965615537485742e-13	12.566394830604608	12.566394830604757
56.6	9.364618680109108e-14	12.566394830604665	12.566394830604759
56.7	4.9067502080455e-14	12.56639483060471	12.566394830604759
56.8	1.8262536827420445e-14	12.56639483060474	12.566394830604757
56.9	2.3707449923875323e-15	12.566394830604755	12.566394830604757
57.0	1.3099053179293692e-15	12.566394830604757	12.566394830604759
57.1	1.3855242611574098e-14	12.566394830604745	12.566394830604759
57.2	3.780391445201226e-14	12.56639483060472	12.566394830604757
57.3	7.020608908730548e-14	12.566394830604688	12.566394830604759
57.4	1.0763991704459431e-13	12.56639483060465	12.566394830604759
57.5	1.4650617848433716e-13	12.566394830604612	12.566394830604757
57.6	1.8331885610293092e-13	12.566394830604574	12.566394830604757
57.7	2.1496983206127533e-13	12.566394830604542	12.566394830604757
57.8	2.3894899746400847e-13	12.56639483060452	12.566394830604759
57.9	2.5350517517146917e-13	12.566394830604503	12.566394830604757
58.0	2.577383405870871e-13	12.5663948306045	12.566394830604757
58.1	2.5161947713507796e-13	12.566394830604505	12.566394830604757
58.2	2.3594054313030274e-13	12.566394830604521	12.566394830604757
58.3	2.1220276006723132e-13	12.566394830604546	12.566394830604757
58.4	1.8245606204933953e-13	12.566394830604576	12.566394830604759
58.5	1.491056043284178e-13	12.566394830604608	12.566394830604757
58.6	1.1470259569806662e-13	12.566394830604644	12.566394830604759
58.7	8.17365748269545e-14	12.566394830604677	12.566394830604759
58.8	5.244491082913201e-14	12.566394830604706	12.566394830604759
58.9	2.865305790254882e-14	12.56639483060473	12.566394830604759
59.0	1.165611048003263e-14	12.566394830604747	12.566394830604759
59.1	2.1486036036127818e-15	12.566394830604755	12.566394830604757
59.2	2.054424378580278e-16	12.566394830604759	12.566394830604759
59.3	5.312611799790538e-15	12.566394830604754	12.566394830604759
59.4	1.6442319371317216e-14	12.566394830604741	12.566394830604757
59.5	3.216389840479021e-14	12.566394830604725	12.566394830604757
59.6	5.0779468251999275e-14	12.566394830604708	12.566394830604759
59.7	7.047216596744043e-14	12.566394830604688	12.566394830604759
59.8	8.945467048625515e-14	12.566394830604668	12.566394830604757
59.9	1.0610657374384578e-13	12.566394830604652	12.566394830604759
60.0	1.1909071562265844e-13	12.566394830604638	12.566394830604757
60.1	1.27440729914604e-13	12.566394830604631	12.566394830604759
60.2	1.3061461759421523e-13	12.566394830604628	12.566394830604759
60.3	1.2851203226653322e-13	12.56639483060463	12.566394830604757
60.4	1.2145593720114223e-13	12.566394830604636	12.566394830604757
60.5	1.1014212002218098e-13	12.566394830604647	12.566394830604757
60.6	9.556245663284633e-14	12.566394830604663	12.566394830604759
60.7	7.890957379251555e-14	12.566394830604679	12.566394830604757
60.8	6.147154448811623e-14	12.566394830604697	12.566394830604759
60.9	4.452545256423269e-14	12.566394830604713	12.566394830604757
61.0	2.923816345073298e-14	12.566394830604729	12.566394830604757
61.1	1.658155965055459e-14	12.566394830604741	12.566394830604757
61.2	7.267970819647604e-15	12.566394830604752	12.566394830604759
61.3	1.7096689155452838e-15	12.566394830604757	12.566394830604759
61.4	4.2329891309198725e-18	12.566394830604759	12.566394830604759
61.5	1.9454611688711803e-15	12.566394830604757	12.566394830604759
61.6	7.057489928733209e-15	12.566394830604752	12.566394830604759
61.7	1.4648050419404085e-14	12.566394830604743	12.566394830604757
61.8	2.3875499725442327e-14	12.566394830604734	12.566394830604757
61.9	3.3823505322088615e-14	12.566394830604725	12.566394830604759
62.0	4.3577056891204446e-14	12.566394830604715	12.566394830604759
62.1	5.229379183645613e-14	12.566394830604706	12.566394830604757
62.2	5.926537044252312e-14	12.566394830604699	12.566394830604757
62.3	6.396472822158051e-14	12.566394830604695	12.566394830604759
62.4	6.607636761412115e-14	12.566394830604692	12.566394830604757
62.5	6.550832750718727e-14	12.566394830604693	12.566394830604759
62.6	6.238597916345506e-14	12.566394830604695	12.566394830604757
62.7	5.702922671289842e-14	12.5663948306047	12.566394830604757
62.8	4.991592765076779e-14	12.566394830604708	12.566394830604757
62.9	4.163530173574579e-14	12.566394830604716	12.566394830604757
63.0	3.283571019802699e-14	12.566394830604725	12.566394830604757
63.1	2.4171453244332203e-14	12.566394830604734	12.566394830604759
63.2	1.6253190722553877e-14	12.566394830604743	12.566394830604759
63.3	9.6063128263905e-15	12.566394830604748	12.566394830604757
63.4	4.641170417642352e-15	12.566394830604754	12.566394830604759
63.5	1.6386180322808232e-15	12.566394830604757	12.566394830604759
63.6	7.539118485739456e-16	12.566394830604757	12.566394830604757
63.7	2.0416809346451797e-15	12.566394830604757	12.566394830604759
63.8	5.504406435882037e-15	12.566394830604754	12.566394830604759
63.9	1.1166406303011027e-14	12.566394830604747	12.566394830604757
64.0	1.9174327837838438e-14	12.56639483060474	12.566394830604759
64.1	2.992294033743404e-14	12.566394830604729	12.566394830604759
64.2	4.420071668796894e-14	12.566394830604715	12.566394830604759
64.3	6.334235303970431e-14	12.566394830604695	12.566394830604759
64.4	8.936433895064993e-14	12.56639483060467	12.566394830604759
64.5	1.2504514289106871e-13	12.566394830604633	12.566394830604757
64.6	1.7389529661533126e-13	12.566394830604585	12.566394830604759
64.7	2.3994877534221165e-13	12.56639483060452	12.566394830604759
64.8	3.273025176931111e-13	12.566394830604432	12.566394830604759
64.9	4.3934514002636717e-13	12.56639483060432	12.566394830604759
65.0	5.776591652064544e-13	12.566394830604182	12.566394830604759
65.1	7.40661225961341e-13	12.566394830604018	12.566394830604759
65.2	9.221620989538978e-13	12.566394830603835	12.566394830604757
65.3	1.110170276341028e-12	12.566394830603647	12.566394830604757
65.4	1.2863984543417977e-12	12.56639483060347	12.566394830604755
65.5	1.4270125592558025e-12	12.566394830603327	12.566394830604754
65.6	1.5051259598962983e-12	12.56639483060325	12.566394830604754
65.7	1.4953280829420496e-12	12.566394830603258	12.566394830604754
65.8	1.3801136153108227e-12	12.566394830603373	12.566394830604754
65.9	1.1574665236154718e-12	12.566394830603597	12.566394830604755
66.0	8.48149772302584e-13	12.566394830603908	12.566394830604755
66.1	5.006376682378367e-13	12.56639483060426	12.56639483060476
66.2	1.9134541463655642e-13	12.566394830604573	12.566394830604764
66.3	1.8107166014215646e-14	12.56639483060475	12.566394830604768
66.4	8.58966590737428e-14	12.566394830604686	12.566394830604771
66.5	4.855641197955898e-13	12.56639483060429	12.566394830604775
66.6	1.268620487421544e-12	12.566394830603505	12.566394830604773
66.7	2.423312434802433e-12	12.566394830602345	12.566394830604768
66.8	3.85868963569803e-12	12.566394830600903	12.56639483060476
66.9	5.403346222397796e-12	12.566394830599346	12.56639483060475
67.0	6.823527131931988e-12	12.566394830597915	12.566394830604738
67.1	7.861307381000008e-12	12.566394830596865	12.566394830604727
67.2	8.288193666389851e-12	12.566394830596431	12.56639483060472
67.3	7.964002935325e-12	12.566394830596757	12.56639483060472
67.4	6.886875831083766e-12	12.566394830597842	12.566394830604729
67.5	5.219381753345922e-12	12.566394830599524	12.566394830604743
67.6	3.2788942780253804e-12	12.566394830601483	12.566394830604763
67.7	1.4877435976478909e-12	12.566394830603295	12.566394830604784
67.8	2.887876932097726e-13	12.566394830604512	12.566394830604802
67.9	4.254364128428936e-14	12.566394830604766	12.566394830604809
68.0	9.29844037497203e-13	12.566394830603874	12.566394830604803
68.1	2.886341792650153e-12	12.566394830601903	12.56639483060479
68.2	5.5904671359922506e-12	12.566394830599174	12.566394830604764
68.3	8.514912463591206e-12	12.56639483059622	12.566394830604734
68.4	1.1035747597677363e-11	12.566394830593673	12.56639483060471
68.5	1.2576885785073299e-11	12.566394830592115	12.566394830604692
68.6	1.2755523670652742e-11	12.566394830591932	12.566394830604688
68.7	1.1490365789358186e-11	12.56639483059321	12.5663948306047
68.8	9.040919117754856e-12	12.566394830595685	12.566394830604727
68.9	5.962086476844336e-12	12.566394830598798	12.566394830604759
69.0	2.9800166959906295e-12	12.566394830601814	12.566394830604795
69.1	8.169751273083229e-13	12.566394830604	12.566394830604818
69.2	8.674062554895191e-15	12.56639483060482	12.566394830604828
69.3	7.621517444992247e-13	12.566394830604057	12.56639483060482
69.4	2.8938687897809273e-12	12.5663948306019	12.566394830604795
69.5	5.867807455651768e-12	12.566394830598892	12.566394830604759
69.6	8.927015423159115e-12	12.566394830595796	12.566394830604722
69.7	1.1286354849848564e-11	12.566394830593408	12.566394830604695
69.8	1.2336469239871831e-11	12.566394830592346	12.566394830604683
69.9	1.1804472277794642e-11	12.566394830592884	12.566394830604688
70.0	9.827318327827464e-12	12.566394830594886	12.566394830604713
70.1	6.9167459667327305e-12	12.566394830597831	12.566394830604748
70.2	3.82397713659071e-12	12.566394830600961	12.566394830604786
70.3	1.3399207618464387e-12	12.566394830603473	12.566394830604812
70.4	8.46967428406708e-14	12.566394830604741	12.566394830604827
70.5	3.4364103529083987e-13	12.566394830604477	12.56639483060482
70.6	1.994448737770743e-12	12.566394830602803	12.566394830604798
70.7	4.545115667370893e-12	12.56639483060022	12.566394830604766
70.8	7.2717827286622374e-12	12.566394830597458	12.56639483060473
70.9	9.418032414651953e-12	12.566394830595286	12.566394830604704
71.0	1.0400385302221352e-11	12.566394830594291	12.566394830604692
71.1	9.963419611243763e-12	12.566394830594735	12.566394830604699
71.2	8.242424508706604e-12	12.566394830596478	12.56639483060472
71.3	5.717647241109852e-12	12.566394830599034	12.566394830604752
71.4	3.0745605045807526e-12	12.56639483060171	12.566394830604786
71.5	1.0105589357875058e-12	12.566394830603798	12.566394830604809
71.6	4.279989950214609e-14	12.566394830604775	12.566394830604818
71.7	3.7062629240621827e-13	12.56639483060444	12.56639483060481
71.8	1.8297144593778177e-12	12.56639483060296	12.56639483060479
71.9	3.948612705210988e-12	12.56639483060081	12.566394830604759
72.0	6.089344255725519e-12	12.566394830598641	12.56639483060473
72.1	7.630513304210127e-12	12.566394830597082	12.566394830604713
72.2	8.140366619080852e-12	12.566394830596565	12.566394830604706
72.3	7.491406231302696e-12	12.566394830597224	12.566394830604715
72.4	5.885922502419828e-12	12.56639483059885	12.566394830604736
72.5	3.7878534504527116e-12	12.566394830600975	12.566394830604763
72.6	1.7830551998625088e-12	12.566394830603006	12.56639483060479
72.7	4.0975471930852523e-13	12.566394830604395	12.566394830604805
72.8	8.198098408068738e-15	12.566394830604798	12.566394830604807
72.9	6.315592773071449e-13	12.566394830604164	12.566394830604796
73.0	2.04141127620826e-12	12.566394830602734	12.566394830604775
73.1	3.786196577725822e-12	12.566394830600965	12.56639483060475
73.2	5.337479589206472e-12	12.566394830599393	12.56639483060473
73.3	6.243082661643315e-12	12.566394830598476	12.56639483060472
73.4	6.25276474227558e-12	12.566394830598467	12.56639483060472
73.5	5.381506205968681e-12	12.56639483059935	12.566394830604732
73.6	3.894593060575766e-12	12.566394830600858	12.566394830604752
73.7	2.221712842988762e-12	12.566394830602551	12.566394830604773
73.8	8.274088142885482e-13	12.566394830603963	12.566394830604791
73.9	7.677135264543763e-14	12.566394830604722	12.566394830604798
74.0	1.3514252758477663e-13	12.56639483060466	12.566394830604795
74.1	9.293161732006565e-13	12.566394830603853	12.566394830604782
74.2	2.178907643559864e-12	12.566394830602585	12.566394830604764
74.3	3.4859723069113804e-12	12.56639483060126	12.566394830604745
74.4	4.45460866321564e-12	12.566394830600279	12.566394830604734
74.5	4.80477023011956e-12	12.566394830599924	12.566394830604729
74.6	4.447667748312503e-12	12.566394830600286	12.566394830604734
74.7	3.5026310606803483e-12	12.566394830601245	12.566394830604748
74.8	2.2531134709496114e-12	12.56639483060251	12.566394830604763
74.9	1.0572616263445908e-12	12.566394830603722	12.566394830604779
75.0	2.409801156128597e-13	12.566394830604548	12.56639483060479
75.1	5.2687120939737456e-15	12.566394830604784	12.56639483060479
75.2	3.740473489607342e-13	12.566394830604409	12.566394830604784
75.3	1.1957362088424175e-12	12.566394830603574	12.56639483060477
75.4	2.195624639468068e-12	12.56639483060256	12.566394830604755
75.5	3.0614261153712845e-12	12.566394830601682	12.566394830604743
75.6	3.535579901403691e-12	12.566394830601203	12.566394830604738
75.7	3.4871428672005714e-12	12.566394830601253	12.56639483060474
75.8	2.943355235322072e-12	12.566394830601805	12.566394830604748
75.9	2.073676387359061e-12	12.566394830602686	12.566394830604759
76.0	1.1332960665108433e-12	12.566394830603638	12.566394830604771
76.1	3.846029097460714e-13	12.566394830604397	12.566394830604782
76.2	2.060673107763791e-14	12.566394830604763	12.566394830604784
76.3	1.1253650877309557e-13	12.566394830604668	12.56639483060478
76.4	5.956488770818544e-13	12.566394830604176	12.566394830604771
76.5	1.2953987800801883e-12	12.566394830603468	12.566394830604763
76.6	1.984213932726586e-12	12.56639483060277	12.566394830604754
76.7	2.450673097040819e-12	12.566394830602295	12.566394830604747
76.8	2.560215783541855e-12	12.566394830602185	12.566394830604745
76.9	2.2900960917089065e-12	12.56639483060246	12.56639483060475
77.0	1.729758841892023e-12	12.566394830603029	12.566394830604759
77.1	1.0484197754517018e-12	12.566394830603718	12.566394830604766
77.2	4.4114453457919594e-13	12.566394830604333	12.566394830604773
77.3	7.040500623787418e-14	12.566394830604708	12.566394830604779
77.4	2.0480611633178646e-14	12.566394830604757	12.566394830604779
77.5	2.7733843943118356e-13	12.566394830604496	12.566394830604773
77.6	7.38442147254713e-13	12.566394830604027	12.566394830604766
77.7	1.2479038333829383e-12	12.56639483060351	12.566394830604759
77.8	1.6452129997150237e-12	12.566394830603109	12.566394830604754
77.9	1.8124630341319496e-12	12.566394830602938	12.56639483060475
78.0	1.7063067563630963e-12	12.566394830603047	12.566394830604754
78.1	1.3661598253159703e-12	12.566394830603391	12.566394830604757
78.2	8.976486805006743e-13	12.566394830603867	12.566394830604764
78.3	4.376376145142308e-13	12.566394830604333	12.56639483060477
78.4	1.1221189469042044e-13	12.566394830604661	12.566394830604773
78.5	3.87345882328116e-16	12.566394830604773	12.566394830604773
78.6	1.1386481145988365e-13	12.566394830604658	12.566394830604771
78.7	3.9780151226603693e-13	12.56639483060437	12.566394830604768
78.8	7.510809478004495e-13	12.566394830604011	12.566394830604763
78.9	1.0589133295341539e-12	12.566394830603699	12.566394830604757
79.0	1.2274071943588983e-12	12.566394830603528	12.566394830604755
79.1	1.20981320553599e-12	12.566394830603546	12.566394830604755
79.2	1.0172367941178403e-12	12.566394830603741	12.566394830604759
79.3	7.116460194760854e-13	12.566394830604052	12.566394830604764
79.4	3.843587800737563e-13	12.566394830604384	12.566394830604768
79.5	1.2727508262642097e-13	12.566394830604644	12.566394830604771
79.6	5.798429269073021e-15	12.566394830604766	12.566394830604771
79.7	4.132020172147536e-14	12.566394830604729	12.56639483060477
79.8	2.0781244585739586e-13	12.56639483060456	12.566394830604768
79.9	4.426158823416632e-13	12.566394830604322	12.566394830604764
80.0	6.673127546043173e-13	12.566394830604095	12.566394830604763
80.1	8.118636669130351e-13	12.566394830603947	12.566394830604759
80.2	8.346702174198869e-13	12.566394830603924	12.566394830604759
80.3	7.329119212049763e-13	12.566394830604027	12.56639483060476
80.4	5.407535972377886e-13	12.566394830604223	12.566394830604763
80.5	3.167640596814603e-13	12.56639483060445	12.566394830604766
80.6	1.249867386788377e-13	12.566394830604644	12.566394830604768
80.7	1.5682062385475796e-14	12.566394830604754	12.56639483060477
80.8	1.145312405903107e-14	12.566394830604759	12.56639483060477
80.9	1.0248765315132588e-13	12.566394830604665	12.566394830604768
81.0	2.5169898318624806e-13	12.566394830604514	12.566394830604766
81.1	4.075665730271306e-13	12.566394830604356	12.566394830604763
81.2	5.203489367627775e-13	12.566394830604242	12.566394830604763
81.3	5.56641357461055e-13	12.566394830604205	12.56639483060476
81.4	5.080878315776242e-13	12.566394830604255	12.566394830604763
81.5	3.9207777235764066e-13	12.566394830604372	12.566394830604764
81.6	2.44782270587964e-13	12.566394830604521	12.566394830604766
81.7	1.0912865195083207e-13	12.566394830604658	12.566394830604766
81.8	2.162928732525272e-14	12.566394830604747	12.566394830604768
81.9	2.044581021753964e-15	12.566394830604766	12.566394830604768
82.0	4.873926133161733e-14	12.566394830604718	12.566394830604766
82.1	1.4070135319782385e-13	12.566394830604626	12.566394830604766
82.2	2.4514974713607e-13	12.56639483060452	12.566394830604764
82.3	3.2807660946994105e-13	12.566394830604436	12.566394830604764
82.4	3.64390983256472e-13	12.566394830604398	12.566394830604763
82.5	3.446875659023633e-13	12.566394830604418	12.566394830604763
82.6	2.76879637675664e-13	12.566394830604487	12.566394830604764
82.7	1.825853845527145e-13	12.566394830604583	12.566394830604766
82.8	8.972097669174715e-14	12.566394830604677	12.566394830604768
82.9	2.3773121411965905e-14	12.566394830604745	12.566394830604768
83.0	4.348331688464891e-16	12.566394830604768	12.566394830604768
83.1	2.168694726132381e-14	12.566394830604747	12.566394830604768
83.2	7.623250233433707e-14	12.566394830604692	12.566394830604768
83.3	1.4383282256314961e-13	12.566394830604622	12.566394830604766
83.4	2.019697979393665e-13	12.566394830604564	12.566394830604766
83.5	2.3268526841951124e-13	12.566394830604533	12.566394830604766
83.6	2.2755554673809287e-13	12.566394830604539	12.566394830604766
83.7	1.8946500851838546e-13	12.566394830604578	12.566394830604768
83.8	1.3089308269898647e-13	12.566394830604638	12.56639483060477
83.9	6.948571415328248e-14	12.5663948306047	12.56639483060477
84.0	2.243059848922408e-14	12.566394830604748	12.566394830604771
84.1	1.3959471127582597e-15	12.56639483060477	12.566394830604771
84.2	9.49207091500043e-15	12.56639483060476	12.56639483060477
84.3	4.100373530500553e-14	12.566394830604729	12.56639483060477
84.4	8.376138662151341e-14	12.566394830604686	12.56639483060477
84.5	1.2324536028360843e-13	12.566394830604645	12.566394830604768
84.6	1.4707146281878239e-13	12.56639483060462	12.566394830604768
84.7	1.4849668359296e-13	12.566394830604619	12.566394830604768
84.8	1.279797195915258e-13	12.566394830604638	12.566394830604766
84.9	9.248339628396559e-14	12.566394830604674	12.566394830604766
85.0	5.2901110759957215e-14	12.566394830604713	12.566394830604766
85.1	2.0517239404015525e-14	12.566394830604745	12.566394830604766
85.2	3.628021138100268e-15	12.56639483060476	12.566394830604764
85.3	5.314227259571896e-15	12.566394830604759	12.566394830604764
85.4	2.2937258504775807e-14	12.56639483060474	12.566394830604763
85.5	4.9373204877167635e-14	12.566394830604713	12.566394830604763
85.6	7.548156607289573e-14	12.566394830604686	12.56639483060476
85.7	9.297785472030004e-14	12.566394830604668	12.56639483060476
85.8	9.682460483035581e-14	12.566394830604665	12.566394830604763
85.9	8.646819809276901e-14	12.566394830604676	12.566394830604763
86.0	6.564516044460727e-14	12.566394830604697	12.566394830604763
86.1	4.0928956210451303e-14	12.566394830604722	12.566394830604763
86.2	1.9549530372829622e-14	12.566394830604745	12.566394830604764
86.3	7.191962981548257e-15	12.566394830604759	12.566394830604766
86.4	6.430513764316421e-15	12.566394830604763	12.56639483060477
86.5	1.6212908554782952e-14	12.566394830604755	12.566394830604771
86.6	3.246418407623229e-14	12.566394830604741	12.566394830604773
86.7	4.954088349864545e-14	12.566394830604729	12.566394830604779
86.8	6.203500626624746e-14	12.56639483060472	12.566394830604782
86.9	6.636322323168759e-14	12.56639483060472	12.566394830604786
87.0	6.168618472112174e-14	12.56639483060473	12.566394830604793
87.1	4.9938786804409427e-14	12.566394830604747	12.566394830604796
87.2	3.503437748806807e-14	12.566394830604766	12.566394830604802
87.3	2.1546303255126806e-14	12.566394830604782	12.566394830604803
87.4	1.3300856385747228e-14	12.566394830604793	12.566394830604805
87.5	1.2306745072913977e-14	12.566394830604793	12.566394830604805
87.6	1.8311633600523598e-14	12.566394830604786	12.566394830604803
87.7	2.906620920989853e-14	12.56639483060477	12.566394830604798
87.8	4.115926533001064e-14	12.566394830604752	12.566394830604793
87.9	5.112869099874339e-14	12.566394830604734	12.566394830604786
88.0	5.649553719717988e-14	12.56639483060472	12.566394830604777
88.1	5.6420360769883e-14	12.56639483060471	12.566394830604766
88.2	5.181825668463036e-14	12.566394830604704	12.566394830604755
88.3	4.4943547820867865e-14	12.5663948306047	12.566394830604745
88.4	3.8612002473846776e-14	12.566394830604695	12.566394830604734
88.5	3.532236344366463e-14	12.566394830604688	12.566394830604724
88.6	3.654699096284992e-14	12.566394830604676	12.566394830604713
88.7	4.2388211367867294e-14	12.56639483060466	12.566394830604702
88.8	5.167118686477963e-14	12.56639483060464	12.566394830604692
88.9	6.240782372777072e-14	12.56639483060462	12.566394830604683
89.0	7.246107976653277e-14	12.566394830604601	12.566394830604674
89.1	8.019386687759167e-14	12.566394830604587	12.566394830604667
89.2	8.491006051130501e-14	12.56639483060458	12.566394830604665
89.3	8.697417163882151e-14	12.566394830604578	12.566394830604665
89.4	8.760257487399555e-14	12.566394830604585	12.566394830604672
89.5	8.841858150681033e-14	12.5663948306046	12.566394830604688
89.6	9.092685173055159e-14	12.566394830604622	12.566394830604713
89.7	9.60737304493458e-14	12.56639483060465	12.566394830604747
89.8	1.0402008021040395e-13	12.566394830604688	12.566394830604793
89.9	1.1417832423467584e-13	12.56639483060473	12.566394830604844
90.0	1.2548109233648393e-13	12.56639483060478	12.566394830604906
90.1	1.3678122952922767e-13	12.566394830604834	12.56639483060497
90.2	1.472509466072738e-13	12.566394830604889	12.566394830605036
90.3	1.5665827898234713e-13	12.566394830604942	12.566394830605098
90.4	1.6544531615524258e-13	12.566394830604986	12.566394830605152
90.5	1.7459827427675594e-13	12.566394830605022	12.566394830605196
90.6	1.8536334418688265e-13	12.56639483060504	12.566394830605224
90.7	1.989052633838425e-13	12.566394830605038	12.566394830605237
90.8	2.1601609790614845e-13	12.566394830605013	12.56639483060523
90.9	2.3695878567373984e-13	12.566394830604967	12.566394830605203
91.0	2.6148304593476136e-13	12.5663948306049	12.56639483060516
91.1	2.889965455615755e-13	12.56639483060481	12.5663948306051
91.2	3.1882896479253846e-13	12.566394830604702	12.56639483060502
91.3	3.505034753120872e-13	12.566394830604574	12.566394830604924
91.4	3.839339103785005e-13	12.566394830604429	12.566394830604812
91.5	4.194930640792302e-13	12.566394830604265	12.566394830604684
91.6	4.579382561185681e-13	12.566394830604084	12.566394830604542
91.7	5.002217962130578e-13	12.566394830603887	12.566394830604388
91.8	5.472446311616384e-13	12.566394830603679	12.566394830604226
91.9	5.996239914465334e-13	12.566394830603466	12.566394830604066
92.0	6.575388301538698e-13	12.566394830603258	12.566394830603915
92.1	7.206939277057576e-13	12.566394830603066	12.566394830603787
92.2	7.884114770056213e-13	12.566394830602906	12.566394830603695
92.3	8.598256862366449e-13	12.56639483060279	12.56639483060365
92.4	9.34129283479363e-13	12.566394830602738	12.566394830603672
92.5	1.010807514787063e-12	12.566394830602757	12.566394830603768
92.6	1.0897994192869221e-12	12.566394830602858	12.566394830603949
92.7	1.1715474750546363e-12	12.566394830603043	12.566394830604215
92.8	1.256929266004266e-12	12.566394830603311	12.566394830604569
92.9	1.3470985610914604e-12	12.56639483060366	12.566394830605006
93.0	1.443287580407206e-12	12.566394830604077	12.56639483060552
93.1	1.5466304289817723e-12	12.566394830604551	12.566394830606098
93.2	1.6580587442411956e-12	12.566394830605072	12.566394830606729
93.3	1.7782987230226596e-12	12.566394830605617	12.566394830607395
93.4	1.9079711381289366e-12	12.566394830606175	12.566394830608083
93.5	2.047770716410395e-12	12.566394830606722	12.56639483060877
93.6	2.198684465701817e-12	12.566394830607235	12.566394830609434
93.7	2.3622023485865684e-12	12.566394830607685	12.566394830610047
93.8	2.5404762583677013e-12	12.566394830608033	12.566394830610573
93.9	2.736391260867129e-12	12.56639483060824	12.566394830610976
94.0	2.9535246030200978e-12	12.56639483060826	12.566394830611214
94.1	3.1959831417043212e-12	12.566394830608045	12.566394830611241
94.2	3.468128987730678e-12	12.566394830607548	12.566394830611015
94.3	3.774224548837892e-12	12.566394830606736	12.56639483061051
94.4	4.1180471259220735e-12	12.566394830605589	12.566394830609706
94.5	4.5025341435226e-12	12.566394830604105	12.566394830608608
94.6	4.929519697902153e-12	12.566394830602317	12.566394830607246
94.7	5.3996118879712794e-12	12.566394830600272	12.566394830605672
94.8	5.912240968303669e-12	12.56639483059805	12.566394830603961
94.9	6.465883242831697e-12	12.566394830595751	12.566394830602217
95.0	7.0584373140745125e-12	12.566394830593492	12.56639483060055
95.1	7.68770167340488e-12	12.566394830591396	12.566394830599084
95.2	8.351880720807073e-12	12.566394830589584	12.566394830597936
95.3	9.050034859757981e-12	12.56639483058817	12.56639483059722
95.4	9.782392881549015e-12	12.566394830587253	12.566394830597035
95.5	1.0550463945606207e-11	12.566394830586917	12.566394830597467
95.6	1.1356922415869944e-11	12.566394830587221	12.566394830598577
95.7	1.2205286996113924e-11	12.566394830588209	12.566394830600414
95.8	1.309946541092549e-11	12.566394830589914	12.566394830603013
95.9	1.4043274355488202e-11	12.566394830592355	12.566394830606399
96.0	1.5040062368522018e-11	12.566394830595547	12.566394830610587
96.1	1.6092558313650176e-11	12.566394830599492	12.566394830615584
96.2	1.7203042712518695e-11	12.566394830604175	12.566394830621377
96.3	1.8373896043554184e-11	12.566394830609559	12.566394830627933
96.4	1.9608518668606362e-11	12.56639483061556	12.566394830635168
96.5	2.0912544187193716e-11	12.566394830622045	12.566394830642958
96.6	2.2295190524432972e-11	12.566394830628806	12.5663948306511
96.7	2.3770526672152192e-11	12.566394830635563	12.566394830659334
96.8	2.5358396339053053e-11	12.56639483064195	12.56639483066731
96.9	2.7084748482587948e-11	12.56639483064753	12.566394830674614
97.0	2.8981187651928073e-11	12.56639483065181	12.56639483068079
97.1	3.108367310973019e-11	12.566394830654273	12.566394830685358
97.2	3.3430448299581884e-11	12.566394830654422	12.566394830687853
97.3	3.6059436676509696e-11	12.566394830651827	12.566394830687887
97.4	3.900545353294448e-11	12.566394830646171	12.566394830685176
97.5	4.2297627625537546e-11	12.566394830637302	12.566394830679599
97.6	4.5957401488974165e-11	12.566394830625264	12.566394830671221
97.7	4.999740618703284e-11	12.566394830610315	12.566394830660313
97.8	5.4421403233913475e-11	12.566394830592934	12.566394830647356
97.9	5.922535630798633e-11	12.56639483057379	12.566394830633016
98.0	6.43995350803625e-11	12.566394830553723	12.566394830618123
98.1	6.993137323863632e-11	12.56639483053368	12.566394830603612
98.2	7.58086347799651e-11	12.566394830514687	12.566394830590495
98.3	8.202233338638472e-11	12.56639483049778	12.566394830579801
98.4	8.856884314260252e-11	12.566394830483972	12.566394830572541
98.5	9.545076195540002e-11	12.566394830474225	12.566394830569676
98.6	1.0267634149702939e-10	12.566394830469436	12.566394830572113
98.7	1.1025764233569188e-10	12.566394830470427	12.566394830580686
98.8	1.1820792827988216e-10	12.566394830477948	12.566394830596156
98.9	1.26539068586859e-10	12.566394830492689	12.566394830619227
99.0	1.352597833476418e-10	12.566394830515247	12.566394830650506
99.1	1.4437544063383568e-10	12.566394830546114	12.56639483069049
99.2	1.5388987394085596e-10	12.566394830585615	12.566394830739505
99.3	1.6380942829561887e-10	12.56639483063381	12.56639483079762
99.4	1.7414918905110364e-10	12.566394830690399	12.566394830864548
99.5	1.8494105313544283e-10	12.566394830754593	12.566394830939535
99.6	1.9624292450354808e-10	12.566394830824992	12.566394831021235
99.7	2.0814789023831193e-10	12.566394830899494	12.566394831107642
99.8	2.2079188169824263e-10	12.566394830975252	12.566394831196044
99.9	2.343581927273774e-10	12.566394831048695	12.566394831283054
100.0	2.4907741527312175e-10	12.566394831115632	12.56639483136471
