# dt=0.1 eps=0.001 size_x=64 size_v=128
# x : from 0.0 to 12.566370614359172
# v : from -6.0 to 6.0
# interpolation : Lagrange{BigFloat, true} order=41
# type=BigFloat precision = 256
#time	el-energy	kinetic-energy	global-energy
0.0	2.5132741126864393e-5	12.566369650622143	12.56639478336327
0.1	2.48197586947871e-5	12.566369964585173	12.566394784343867
0.2	2.3897928241064124e-5	12.566370889295843	12.566394787224084
0.3	2.2417479402966356e-5	12.566372374344553	12.566394791823956
0.4	2.0458472272408626e-5	12.566374339385336	12.566394797857608
0.5	1.812558847827438e-5	12.566376679364758	12.566394804953237
0.6	1.5541367235734304e-5	12.566379271311709	12.566394812678944
0.7	1.2838366387828324e-5	12.566381982206135	12.566394820572523
0.8	1.015080067829703e-5	12.56638467737228	12.566394828172958
0.9	7.606240244537149e-6	12.566387228811104	12.566394835051348
1.0	5.31793968081618e-6	12.56638952289932	12.566394840839001
1.1	3.3783134654858674e-6	12.566391466937235	12.5663948452507
1.2	1.8539817848754972e-6	12.56639299411979	12.566394848101574
1.3	7.826893603171713e-7	12.566394066627057	12.566394849316417
1.4	1.7225851976317786e-7	12.566394676672497	12.566394848931017
1.5	1.5875575020063564e-9	12.56639484549801	12.566394847085567
1.6	2.2355797377442298e-7	12.566394620452892	12.566394844010865
1.7	7.695806054071921e-7	12.56639407042791	12.566394840008515
1.8	1.5554007465981841e-6	12.566393280026032	12.56639483542678
1.9	2.487703839687452e-6	12.56639234293017	12.56639483063401
2.0	3.471021277628705e-6	12.566391354970413	12.566394825991692
2.1	4.414432420818277e-6	12.566390407396666	12.566394821829087
2.2	5.237593151598279e-6	12.566389580828181	12.566394818421333
2.3	5.875689335870452e-6	12.566388940283096	12.566394815972432
2.4	6.283009094531124e-6	12.566388531595162	12.566394814604257
2.5	6.4349425460353e-6	12.566388379409542	12.566394814352089
2.6	6.328342196666206e-6	12.566388486824568	12.566394815166765
2.7	5.980301541349537e-6	12.566388836621433	12.566394816922974
2.8	5.425524188295209e-6	12.566389393908612	12.5663948194328
2.9	4.71255254425051e-6	12.566390109910675	12.566394822463218
3.0	3.899197138180686e-6	12.56639092655896	12.566394825756097
3.1	3.0475505568090775e-6	12.566391781498444	12.566394829049
3.2	2.218981708581517e-6	12.56639261311351	12.566394832095218
3.3	1.4694872281360228e-6	12.566393365194306	12.566394834681535
3.4	8.457301509108867e-7	12.566393990912314	12.566394836642464
3.5	3.82026431743524e-7	12.566394455843684	12.566394837870115
3.6	9.845391397669529e-8	12.566394739865164	12.566394838319077
3.7	1.6341495691271964e-10	12.566394837842878	12.566394838006293
3.8	7.787546266758134e-8	12.566394759130675	12.566394837006138
3.9	3.094563939842825e-7	12.566394525984993	12.566394835441388
4.0	6.623906424430239e-7	12.566394171080299	12.566394833470941
4.1	1.0969073939629721e-6	12.5663937343681	12.566394831275494
4.2	1.5694829706969597e-6	12.566393259559344	12.566394829042315
4.3	2.0364270226109057e-6	12.566392790523377	12.5663948269504
4.4	2.4572706407648013e-6	12.56639236788646	12.5663948251571
4.5	2.7977058209494107e-6	12.566392026081385	12.566394823787206
4.6	3.0318747098916146e-6	12.566391791050465	12.566394822925176
4.7	3.143868975605142e-6	12.566391678741956	12.566394822610931
4.8	3.128368924152721e-6	12.566391694470456	12.56639482283938
4.9	2.990422827372023e-6	12.566391833140607	12.566394823563433
5.0	2.7444337172150593e-6	12.566392080266429	12.566394824700145
5.1	2.4124786572626066e-6	12.566392413660596	12.566394826139254
5.2	2.0221302210075627e-6	12.566392805623163	12.566394827753385
5.3	1.603978835100966e-6	12.566393225430135	12.56639482940897
5.4	1.1890664215059891e-6	12.566393641910604	12.566394830977027
5.5	8.064364539697353e-7	12.566394025906481	12.566394832342935
5.6	4.809845260205068e-7	12.56639435243002	12.566394833414547
5.7	2.3175935502839688e-7	12.566394602368684	12.566394834128038
5.8	7.082024988884078e-8	12.56639476363098	12.566394834451229
5.9	2.7074435702244053e-9	12.566394831676794	12.566394834384237
6.0	2.4530549642602536e-8	12.566394809427004	12.566394833957554
6.1	1.2663183259680273e-7	12.56639470659606	12.566394833227893
6.2	2.93738635210618e-7	12.56639453853356	12.566394832272195
6.3	5.064861326360455e-7	12.566394324694306	12.566394831180439
6.4	7.431696419437066e-7	12.566394086878201	12.566394830047843
6.5	9.815760670352535e-7	12.566393847391055	12.566394828967121
6.6	1.2007467367332206e-6	12.566393627274648	12.566394828021386
6.7	1.382537965544397e-6	12.56639344474026	12.566394827278225
6.8	1.5128693615104598e-6	12.566393313915988	12.56639482678535
6.9	1.5825808035709966e-6	12.566393243987225	12.566394826568029
7.0	1.5878542701902516e-6	12.566393238774186	12.566394826628455
7.1	1.5301933057873541e-6	12.56639329675364	12.566394826946945
7.2	1.4159879184266552e-6	12.566393411496845	12.566394827484764
7.3	1.2557234667737361e-6	12.566393572464822	12.566394828188288
7.4	1.0629164603351278e-6	12.56639376607763	12.56639482899409
7.5	8.528766366223449e-7	12.566393976957821	12.566394829834458
7.6	6.4140237502613e-7	12.56639418924059	12.566394830642965
7.7	4.435153754073495e-7	12.5663943878442	12.566394831359576
7.8	2.7233118108663966e-7	12.566394559603781	12.566394831934963
7.9	1.3814577913143417e-7	12.566394694187945	12.566394832333724
8.0	4.779685905316089e-8	12.566394784739483	12.566394832536343
8.1	4.333362318012219e-9	12.566394828206379	12.566394832539741
8.2	7.000856318729589e-9	12.566394825355724	12.56639483235658
8.3	5.1525127091549006e-8	12.566394780488185	12.566394832013312
8.4	1.3065411426626064e-7	12.56639470089319	12.566394831547305
8.5	2.3490048094520508e-7	12.566394596102786	12.566394831003267
8.6	3.534148512491592e-7	12.56639447701447	12.56639483042932
8.7	4.749136870907817e-7	12.566394354959357	12.566394829873044
8.8	5.885860191723027e-7	12.566394240791753	12.566394829377773
8.9	6.84909401731013e-7	12.566394144070072	12.566394828979474
9.0	7.563166937617126e-7	12.566394072387677	12.566394828704372
9.1	7.976704012247601e-7	12.56639403089707	12.566394828567471
9.2	8.065189302691941e-7	12.566394022053133	12.566394828572063
9.3	7.831276758038079e-7	12.56639404558248	12.566394828710157
9.4	7.30295893550312e-7	12.566394098667875	12.566394828963768
9.5	6.529864004907321e-7	12.56639417632054	12.56639482930694
9.6	5.578081743599179e-7	12.566394271900055	12.56639482970823
9.7	4.5240104164920943e-7	12.566394377732456	12.566394830133497
9.8	3.447763747603682e-7	12.566394485772367	12.566394830548742
9.9	2.426679533927101e-7	12.566394588254788	12.566394830922741
10.0	1.5294313193437723e-7	12.566394678286205	12.566394831229337
10.1	8.111675983589757e-8	12.566394750332414	12.566394831449173
10.2	3.099974610465634e-8	12.566394800571068	12.566394831570815
10.3	4.501737507935139e-9	12.566394827089418	12.566394831591156
10.4	1.5941748284298862e-9	12.566394829921006	12.566394831515181
10.5	2.042708153381601e-8	12.566394810928012	12.566394831355094
10.6	5.7581316220257974e-8	12.566394773547612	12.566394831128928
10.7	1.0842851630881334e-7	12.56639472243028	12.566394830858796
10.8	1.6756419270843087e-7	12.566394663004726	12.566394830568917
10.9	2.2927576991813967e-7	12.566394601007833	12.566394830283603
11.0	2.88006905402694e-7	12.566394542018436	12.566394830025342
11.1	3.3878201152762424e-7	12.566394491031149	12.566394829813161
11.2	3.775601591146738e-7	12.566394452101184	12.566394829661343
11.3	4.014948943898719e-7	12.566394428083694	12.566394829578588
11.4	4.09085251285589e-7	12.566394420482416	12.566394829567667
11.5	4.002126216087001e-7	12.566394429412936	12.566394829625558
11.6	3.7606738571622834e-7	12.566394453676644	12.566394829744029
11.7	3.3897759206914037e-7	12.566394490933	12.566394829910593
11.8	2.9215890062590766e-7	12.566394537950822	12.566394830109722
11.9	2.394100177695159e-7	12.566394590914255	12.566394830324272
12.0	1.8478067125840716e-7	12.56639464575622	12.566394830536892
12.1	1.3223971235608186e-7	12.566394698491688	12.5663948307314
12.2	8.536928238822796e-8	12.566394745524708	12.56639483089399
12.3	4.7107401583841254e-8	12.566394783906757	12.56639483101416
12.4	1.9556223689602465e-8	12.566394811529108	12.566394831085331
12.5	3.867041554587597e-9	12.566394827238106	12.566394831105148
12.6	2.0647012853765309e-10	12.566394830868926	12.566394831075396
12.7	7.801624379574755e-9	12.566394823199998	12.566394831001622
12.8	2.5056064188573367e-8	12.566394805836413	12.566394830892477
12.9	4.972323540513749e-8	12.566394781035617	12.566394830758853
13.0	7.912043056707315e-8	12.566394751492467	12.566394830612898
13.1	1.1036413448220935e-7	12.566394720102867	12.566394830467
13.2	1.4060708568224142e-7	12.56639468972571	12.566394830332795
13.3	1.6725841989441138e-7	12.566394662961887	12.566394830220307
13.4	1.8817069192848897e-7	12.566394641966566	12.566394830137257
13.5	2.0178112482992688e-7	12.56639462830748	12.566394830088605
13.6	2.0719876538945542e-7	12.566394622877548	12.566394830076312
13.7	2.0423394838150946e-7	12.566394625865435	12.566394830099384
13.8	1.933711956320275e-7	12.566394636782912	12.566394830154108
13.9	1.7569103089768293e-7	12.566394654543481	12.566394830234513
14.0	1.5274985906850335e-7	12.566394677583112	12.566394830332971
14.1	1.26429792546179e-7	12.5663947040111	12.566394830440894
14.2	9.877195052835834e-8	12.566394731777502	12.566394830549452
14.3	7.180724480413785e-8	12.566394758843046	12.56639483065029
14.4	4.739802906439271e-8	12.56639478333812	12.566394830736149
14.5	2.7102344267632193e-8	12.56639480369902	12.566394830801363
14.6	1.2070028746862989e-8	12.566394818772185	12.566394830842214
14.7	2.976919813572145e-9	12.566394827880186	12.566394830857107
14.8	2.5771797119094935e-14	12.566394830846535	12.566394830846562
14.9	2.833173391904765e-9	12.566394827979884	12.566394830813058
15.0	1.0739501297251881e-8	12.56639482002121	12.566394830760713
15.1	2.263450519845319e-8	12.566394808060362	12.566394830694868
15.2	3.719132681161816e-8	12.566394793430275	12.566394830621602
15.3	5.295873339483374e-8	12.566394777588474	12.566394830547207
15.4	6.848181071729899e-8	12.566394761995873	12.566394830477684
15.5	8.241577329584564e-8	12.566394748002521	12.566394830418295
15.6	9.362440424389082e-8	12.566394736748789	12.566394830373193
15.7	1.0125634317627386e-7	12.566394729088818	12.566394830345162
15.8	1.0479457540723745e-7	12.566394725540912	12.566394830335486
15.9	1.0407684680482517e-7	12.566394726267086	12.566394830343933
16.0	9.928713672167237e-8	12.56639473108173	12.566394830368866
16.1	9.092057597518593e-8	12.566394739486874	12.56639483040745
16.2	7.97261307851784e-8	12.566394750729822	12.566394830455954
16.3	6.66328547768683e-8	12.566394763877229	12.566394830510083
16.4	5.266645074858677e-8	12.566394777898914	12.566394830565365
16.5	3.886324063401802e-8	12.56639479175425	12.566394830617492
16.6	2.618842272049853e-8	12.566394804474237	12.56639483066266
16.7	1.5464751112007676e-8	12.566394815233082	12.566394830697833
16.8	7.3165930038123766e-9	12.56639482340434	12.566394830720933
16.9	2.132822641303921e-9	12.566394828598124	12.566394830730946
17.0	5.0332727393514645e-11	12.566394830677611	12.566394830727944
17.1	9.582264856128036e-10	12.56639482975478	12.566394830713007
17.2	4.521133189610087e-9	12.566394826166944	12.566394830688077
17.3	1.02186876281369e-8	12.566394820437079	12.566394830655767
17.4	1.7397126349752746e-8	12.566394813221981	12.566394830619107
17.5	2.532824693697407e-8	12.566394805253038	12.566394830581284
17.6	3.327068358081576e-8	12.5663947972747	12.566394830545384
17.7	4.0528571178272156e-8	12.566394789985589	12.56639483051416
17.8	4.650316727014656e-8	12.566394783986661	12.566394830489829
17.9	5.073381503548521e-8	12.566394779740126	12.566394830473941
18.0	5.292567880333699e-8	12.56639477754161	12.566394830467289
18.1	5.296287025684924e-8	12.566394777507028	12.566394830469898
18.2	5.0906807688324287e-8	12.566394779574257	12.566394830481064
18.3	4.6980814391926435e-8	12.56639478351864	12.566394830499453
18.4	4.154297817632695e-8	12.566394788980269	12.566394830523247
18.5	3.505009141718805e-8	12.56639479550022	12.56639483055031
18.6	2.8016020699943744e-8	12.56639480256236	12.566394830578382
18.7	2.0968091446892428e-8	12.566394809637153	12.566394830605244
18.8	1.440501494093431e-8	12.566394816223903	12.566394830628917
18.9	8.759554882664798e-9	12.566394821888226	12.56639483064778
19.0	4.368570054842981e-9	12.566394826292111	12.56639483066068
19.1	1.4523363294423934e-9	12.566394829214673	12.56639483066701
19.2	1.0421273504287266e-10	12.56639483056248	12.566394830666693
19.3	2.908444064240521e-10	12.566394830369346	12.56639483066019
19.4	1.8622601043056769e-9	12.566394828786153	12.566394830648413
19.5	4.570486717832433e-9	12.566394826062142	12.566394830632628
19.6	8.09471928502594e-9	12.566394822519625	12.566394830614344
19.7	1.2070689227677124e-8	12.566394818524477	12.566394830595167
19.8	1.6121685460627474e-8	12.566394814454997	12.566394830576682
19.9	1.988870514615603e-8	12.566394810671618	12.566394830560323
20.0	2.3057428901026652e-8	12.566394807489843	12.566394830547273
20.1	2.5380100535618748e-8	12.566394805158279	12.566394830538378
20.2	2.6690903853481872e-8	12.566394803843218	12.566394830534122
20.3	2.6914021047618997e-8	12.566394803620565	12.566394830534586
20.4	2.606417779035268e-8	12.5663948044753	12.566394830539478
20.5	2.4240079020317256e-8	12.566394806308097	12.566394830548175
20.6	2.1611671153513607e-8	12.56639480894813	12.566394830559801
20.7	1.84025934140289e-8	12.5663948121707	12.566394830573293
20.8	1.4869476044475166e-8	12.566394815718033	12.566394830587509
20.9	1.1279891091743153e-8	12.566394819321427	12.566394830601318
21.0	7.890759451781078e-9	12.566394822722925	12.566394830613685
21.1	4.928874968423078e-9	12.566394825694875	12.56639483062375
21.2	2.5749421598967773e-9	12.566394828055943	12.566394830630886
21.3	9.52166459774014e-10	12.566394829682556	12.566394830634723
21.4	1.2001822401363002e-10	12.566394830515163	12.566394830635181
21.5	7.335038358597523e-11	12.566394830559094	12.566394830632445
21.6	7.466204272330712e-10	12.566394829880313	12.566394830626933
21.7	2.022583208590034e-9	12.566394828596678	12.566394830619261
21.8	3.744509243875995e-9	12.566394826865663	12.566394830610172
21.9	5.730763775129197e-9	12.566394824869716	12.56639483060048
22.0	7.790466574397827e-9	12.566394822800525	12.566394830590992
22.1	9.738944081139725e-9	12.56639482084351	12.566394830582453
22.2	1.1411778297082227e-8	12.566394819163712	12.56639483057549
22.3	1.267643763534988e-8	12.56639481789413	12.566394830570568
22.4	1.3440724273889012e-8	12.56639481712724	12.566394830567964
22.5	1.3657566927212338e-8	12.566394816910188	12.566394830567756
22.6	1.3326001638258422e-8	12.566394817243832	12.566394830569834
22.7	1.2488490533538117e-8	12.566394818085419	12.566394830573909
22.8	1.122500583206838e-8	12.566394819354555	12.566394830579561
22.9	9.644533855024532e-9	12.566394820941728	12.566394830586262
23.0	7.874816534815531e-9	12.566394822718623	12.56639483059344
23.1	6.051237094421948e-9	12.56639482454928	12.566394830600517
23.2	4.305769564694312e-9	12.566394826301185	12.566394830606955
23.3	2.756852142061086e-9	12.566394827855447	12.5663948306123
23.4	1.5009210458307793e-9	12.56639482911529	12.56639483061621
23.5	6.061679404170251e-10	12.566394830012309	12.566394830618476
23.6	1.088767003565605e-10	12.566394830510148	12.566394830619025
23.7	1.2472521219561727e-11	12.566394830605455	12.566394830617927
23.8	2.8919645188322654e-10	12.566394830326182	12.566394830615378
23.9	8.841183650571302e-10	12.56639482972755	12.566394830611667
24.0	1.7210356503068579e-9	12.56639482888613	12.566394830607166
24.1	2.709684421484958e-9	12.566394827892596	12.566394830602281
24.2	3.753621507754406e-9	12.566394826843801	12.566394830597423
24.3	4.75812121130458e-9	12.566394825834859	12.56639483059298
24.4	5.637468658178993e-9	12.566394824951814	12.566394830589283
24.5	6.32111548455704e-9	12.566394824265467	12.566394830586583
24.6	6.758284291156031e-9	12.566394823826753	12.566394830585038
24.7	6.9207541429846885e-9	12.566394823663954	12.566394830584708
24.8	6.803717494679175e-9	12.566394823781836	12.566394830585553
24.9	6.42475619549349e-9	12.566394824162689	12.566394830587445
25.0	5.8211284277706055e-9	12.566394824769052	12.56639483059018
25.1	5.0456790632540055e-9	12.56639482554782	12.566394830593499
25.2	4.161774954013743e-9	12.566394826435339	12.566394830597114
25.3	3.237719027481474e-9	12.566394827363013	12.566394830600732
25.4	2.3411108159537475e-9	12.566394828262963	12.566394830604073
25.5	1.5335974383045417e-9	12.566394829073303	12.566394830606901
25.6	8.664021331412162e-10	12.566394829742627	12.56639483060903
25.7	3.769336477138951e-10	12.566394830233403	12.566394830610337
25.8	8.667726385833917e-11	12.5663948305241	12.566394830610777
25.9	4.56119072019008e-13	12.566394830609916	12.566394830610372
26.0	1.0703909324574798e-10	12.566394830502169	12.566394830609209
26.1	3.8096768094667754e-10	12.566394830226457	12.566394830607425
26.2	7.853865661234926e-10	12.566394829819817	12.566394830605203
26.3	1.2755969564625937e-9	12.566394829327152	12.566394830602748
26.4	1.803011940349031e-9	12.566394828797259	12.56639483060027
26.5	2.319180773216229e-9	12.566394828278787	12.566394830597968
26.6	2.7795634163275127e-9	12.566394827816449	12.566394830596012
26.7	3.1467751208075987e-9	12.566394827447766	12.566394830594541
26.8	3.393078935558331e-9	12.566394827200567	12.566394830593646
26.9	3.501976012617227e-9	12.566394827091386	12.566394830593362
27.0	3.4688230327762238e-9	12.56639482712486	12.566394830593683
27.1	3.3004863242929365e-9	12.566394827294063	12.56639483059455
27.2	3.0141169778212233e-9	12.566394827581746	12.566394830595863
27.3	2.6351949581080287e-9	12.566394827962306	12.5663948305975
27.4	2.195038554622215e-9	12.566394828404276	12.566394830599315
27.5	1.728005633494278e-9	12.566394828873152	12.566394830601158
27.6	1.2686237809790772e-9	12.566394829334264	12.566394830602889
27.7	8.48877892272668e-10	12.566394829755499	12.566394830604377
27.8	4.958578654876734e-10	12.566394830109669	12.566394830605526
27.9	2.2992886479205585e-10	12.566394830376343	12.56639483060627
28.0	6.353611120767529e-11	12.566394830543041	12.566394830606578
28.1	6.999049391176463e-13	12.56639483060575	12.56639483060645
28.2	3.719931823765084e-11	12.566394830568727	12.566394830605926
28.3	1.6138925888131513e-10	12.566394830443686	12.566394830605075
28.4	3.5554938235326066e-10	12.566394830248434	12.566394830603985
28.5	5.976277919687403e-10	12.566394830005127	12.566394830602755
28.6	8.632197535611969e-10	12.566394829738273	12.566394830601494
28.7	1.1276127779830367e-9	12.566394829472689	12.566394830600302
28.8	1.3677342617111506e-9	12.56639482923154	12.566394830599274
28.9	1.5638552303070359e-9	12.566394829034623	12.566394830598478
29.0	1.700931500803028e-9	12.566394828897037	12.566394830597968
29.1	1.7694989772307055e-9	12.566394828828269	12.566394830597767
29.2	1.7660795980293742e-9	12.566394828831795	12.566394830597874
29.3	1.693095291450123e-9	12.566394828905171	12.566394830598266
29.4	1.5583259115333227e-9	12.566394829040568	12.566394830598894
29.5	1.3739806360231987e-9	12.566394829225718	12.566394830599698
29.6	1.1554783928164033e-9	12.566394829445128	12.566394830600608
29.7	9.200499453596273e-10	12.566394829681494	12.566394830601544
29.8	6.852815122096285e-10	12.566394829917156	12.566394830602437
29.9	4.677172391862282e-10	12.5663948301355	12.566394830603217
30.0	2.8162626684510483e-10	12.56639483032221	12.566394830603835
30.1	1.380209825622299e-10	12.566394830466233	12.566394830604255
30.2	4.398826323741079e-11	12.566394830560462	12.56639483060445
30.3	2.367373641211158e-12	12.566394830602059	12.566394830604427
30.4	1.1779086242934189e-11	12.566394830592417	12.566394830604196
30.5	6.698286264489761e-11	12.56639483053681	12.566394830603793
30.6	1.5951467012412356e-10	12.566394830443745	12.56639483060326
30.7	2.785388903991249e-10	12.566394830324107	12.566394830602645
30.8	4.1183499956035873e-10	12.56639483019017	12.566394830602004
30.9	5.46833879985225e-10	12.566394830054557	12.566394830601391
31.0	6.716198078327945e-10	12.566394829929232	12.566394830600851
31.1	7.758218345681983e-10	12.566394829824603	12.566394830600425
31.2	8.513314619244027e-10	12.566394829748806	12.566394830600137
31.3	8.928008390819045e-10	12.566394829707205	12.566394830600006
31.4	8.978955874637675e-10	12.566394829702135	12.56639483060003
31.5	8.672970773737722e-10	12.566394829732905	12.566394830600203
31.6	8.044688722889644e-10	12.566394829796032	12.566394830600501
31.7	7.152196154184804e-10	12.566394829885676	12.566394830600895
31.8	6.071086254551143e-10	12.56639482999424	12.566394830601348
31.9	4.887500126545825e-10	12.566394830113072	12.566394830601823
32.0	3.6907574090939004e-10	12.566394830233207	12.566394830602283
32.1	2.5661767867508206e-10	12.566394830346074	12.566394830602691
32.2	1.5886362838815878e-10	12.566394830444159	12.566394830603022
32.3	8.173327291898655e-11	12.56639483052152	12.566394830603254
32.4	2.9207873670014656e-11	12.566394830574167	12.566394830603375
32.5	3.1335256620724876e-12	12.566394830600249	12.566394830603382
32.6	3.2030313550440685e-12	12.566394830600082	12.566394830603285
32.7	2.7107191921605135e-11	12.56639483057599	12.566394830603096
32.8	7.083361858413379e-11	12.566394830532003	12.566394830602837
32.9	1.290809367680268e-10	12.566394830473449	12.56639483060253
33.0	1.9574914533950554e-10	12.566394830406457	12.566394830602206
33.1	2.644632725540664e-10	12.566394830337428	12.566394830601892
33.2	3.2908741518852357e-10	12.566394830272522	12.56639483060161
33.3	3.8418955007964855e-10	12.566394830217192	12.56639483060138
33.4	4.2542371018081656e-10	12.566394830175799	12.566394830601222
33.5	4.4980456298160393e-10	12.566394830151337	12.56639483060114
33.6	4.558593241382117e-10	12.56639483014528	12.566394830601139
33.7	4.4365242372327243e-10	12.566394830157561	12.566394830601213
33.8	4.1468856192584804e-10	12.566394830186665	12.566394830601354
33.9	3.7170896216638977e-10	12.566394830229838	12.566394830601547
34.0	3.184030978143544e-10	12.566394830283368	12.566394830601771
34.1	2.590634514534147e-10	12.566394830342947	12.566394830602011
34.2	1.9821367993882393e-10	12.566394830404032	12.566394830602245
34.3	1.4024083115664714e-10	12.566394830462219	12.56639483060246
34.4	8.906011929828464e-11	12.566394830513575	12.566394830602635
34.5	4.783652528897262e-11	12.566394830554927	12.566394830602764
34.6	1.878160419583907e-11	12.566394830584054	12.566394830602835
34.7	3.0369098261309822e-12	12.566394830599814	12.566394830602851
34.8	6.479978980075802e-13	12.566394830602162	12.56639483060281
34.9	1.0625653734193729e-11	12.566394830592097	12.566394830602723
35.0	3.108437223565522e-11	12.566394830571511	12.566394830602595
35.1	5.944267273090888e-11	12.566394830543002	12.566394830602444
35.2	9.266591496730767e-11	12.566394830509616	12.566394830602281
35.3	1.2753011016126372e-10	12.56639483047459	12.56639483060212
35.4	1.6088485870996844e-10	12.566394830441087	12.566394830601972
35.5	1.8989491456268693e-10	12.566394830411957	12.566394830601851
35.6	2.122427654995095e-10	12.56639483038952	12.566394830601762
35.7	2.2627871244621307e-10	12.566394830375435	12.566394830601714
35.8	2.3110983790885195e-10	12.566394830370596	12.566394830601705
35.9	2.2662454182352206e-10	12.566394830375112	12.566394830601736
36.0	2.1345455663983112e-10	12.566394830388347	12.566394830601801
36.1	1.928811265243662e-10	12.566394830409013	12.566394830601894
36.2	1.6669600250690766e-10	12.56639483043531	12.566394830602007
36.3	1.370308040531852e-10	12.566394830465097	12.566394830602126
36.4	1.0616996484563252e-10	12.566394830496078	12.566394830602247
36.5	7.636285932040401e-11	12.566394830525997	12.56639483060236
36.6	4.9649843679439077e-11	12.566394830552802	12.566394830602452
36.7	2.7714981862075346e-11	12.566394830574808	12.566394830602523
36.8	1.1775382142484955e-11	12.56639483059079	12.566394830602565
36.9	2.5136183579465462e-12	12.566394830600064	12.566394830602578
37.0	5.5957135805950536e-14	12.566394830602507	12.566394830602563
37.1	3.9953701094762e-12	12.566394830598526	12.56639483060252
37.2	1.3454869948806767e-11	12.566394830589006	12.56639483060246
37.3	2.718382206513533e-11	12.566394830575202	12.566394830602386
37.4	4.3677742914577905e-11	12.566394830558627	12.566394830602304
37.5	6.131082395758605e-11	12.566394830540911	12.566394830602222
37.6	7.847006531817688e-11	12.566394830523675	12.566394830602146
37.7	9.368043827330723e-11	12.5663948305084	12.56639483060208
37.8	1.0571182613437042e-10	12.566394830496321	12.566394830602032
37.9	1.1366046754690317e-10	12.566394830488345	12.566394830602006
38.0	1.1700005206152436e-10	12.566394830484997	12.566394830601997
38.1	1.156002785193802e-10	12.56639483048641	12.56639483060201
38.2	1.0971336036912436e-10	12.566394830492326	12.56639483060204
38.3	9.993143871514719e-11	12.566394830502153	12.566394830602084
38.4	8.711996179601227e-11	12.56639483051502	12.566394830602139
38.5	7.233366725882391e-11	12.566394830529866	12.5663948306022
38.6	5.6722768672521316e-11	12.566394830545539	12.566394830602261
38.7	4.143726123969634e-11	12.566394830560881	12.566394830602318
38.8	2.7536937900917265e-11	12.566394830574831	12.566394830602368
38.9	1.5913809215102497e-11	12.566394830586493	12.566394830602407
39.0	7.232252879086404e-12	12.566394830595197	12.566394830602428
39.1	1.8905163472677314e-12	12.566394830600549	12.56639483060244
39.2	5.311695672936361e-15	12.566394830602428	12.566394830602434
39.3	1.419333717762774e-12	12.566394830600997	12.566394830602416
39.4	5.729750768433989e-12	12.566394830596657	12.566394830602388
39.5	1.2334194758177272e-11	12.566394830590015	12.56639483060235
39.6	2.048961559280778e-11	12.56639483058182	12.56639483060231
39.7	2.937863545958591e-11	12.566394830572888	12.566394830602267
39.8	3.817777107800617e-11	12.56639483056405	12.566394830602228
39.9	4.6122080754690203e-11	12.56639483055607	12.566394830602192
40.0	5.2561395965298353e-11	12.566394830549607	12.566394830602167
40.1	5.7004242519021025e-11	12.566394830545146	12.566394830602151
40.2	5.914674993283064e-11	12.566394830542999	12.566394830602146
40.3	5.888518143948113e-11	12.566394830543263	12.566394830602148
40.4	5.631207851400983e-11	12.566394830545851	12.566394830602164
40.5	5.1697294883117055e-11	12.566394830550488	12.566394830602185
40.6	4.5456300325963064e-11	12.566394830556755	12.566394830602212
40.7	3.8108988219665646e-11	12.566394830564134	12.566394830602242
40.8	3.023277094243397e-11	12.56639483057204	12.566394830602274
40.9	2.2413968929719375e-11	12.56639483057989	12.566394830602304
41.0	1.520139455221625e-11	12.566394830587129	12.56639483060233
41.1	9.065628599758485e-12	12.566394830593284	12.566394830602349
41.2	4.366834288088281e-12	12.566394830597996	12.566394830602363
41.3	1.3331172167037723e-12	12.566394830601036	12.566394830602368
41.4	5.0495906371803175e-14	12.566394830602318	12.566394830602368
41.5	4.645766064645423e-13	12.566394830601896	12.566394830602361
41.6	2.3931055175395295e-12	12.566394830599954	12.566394830602347
41.7	5.5477704079476775e-12	12.566394830596781	12.566394830602329
41.8	9.56299736206578e-12	12.566394830592746	12.566394830602308
41.9	1.402907564504299e-11	12.566394830588258	12.566394830602288
42.0	1.8526763976303533e-11	12.56639483058374	12.566394830602267
42.1	2.2660585050622298e-11	12.566394830579588	12.566394830602249
42.2	2.6088283859391224e-11	12.566394830576147	12.566394830602235
42.3	2.854437542457813e-11	12.566394830573682	12.566394830602226
42.4	2.9856292978673054e-11	12.566394830572365	12.566394830602222
42.5	2.9952314578848884e-11	12.566394830572271	12.566394830602224
42.6	2.8861137641484166e-11	12.566394830573367	12.566394830602228
42.7	2.6703631413502726e-11	12.566394830575536	12.56639483060224
42.8	2.367787718082857e-11	12.566394830578574	12.56639483060225
42.9	2.0039064552992575e-11	12.566394830582228	12.566394830602267
43.0	1.6076120848368902e-11	12.566394830586207	12.566394830602283
43.1	1.2087094243383124e-11	12.566394830590212	12.566394830602299
43.2	8.355288548076086e-12	12.566394830593957	12.566394830602313
43.3	5.127969920929731e-12	12.566394830597195	12.566394830602324
43.4	2.5991566196891382e-12	12.566394830599732	12.56639483060233
43.5	8.975939926368252e-13	12.566394830601437	12.566394830602334
43.6	8.0546216912909e-14	12.566394830602254	12.566394830602334
43.7	1.335442305986023e-13	12.566394830602198	12.56639483060233
43.8	9.757555897885157e-13	12.566394830601348	12.566394830602324
43.9	2.4702225249082966e-12	12.566394830599846	12.566394830602317
44.0	4.437878816867603e-12	12.566394830597867	12.566394830602304
44.1	6.67402551150453e-12	12.566394830595621	12.566394830602295
44.2	8.965831725351265e-12	12.566394830593318	12.566394830602283
44.3	1.110943182834447e-11	12.566394830591166	12.566394830602276
44.4	1.292530668248166e-11	12.566394830589342	12.566394830602267
44.5	1.4270848667118634e-11	12.566394830587992	12.566394830602263
44.6	1.5049295678059913e-11	12.56639483058721	12.56639483060226
44.7	1.5214551474127033e-11	12.566394830587045	12.56639483060226
44.8	1.477175992079986e-11	12.566394830587491	12.566394830602263
44.9	1.377384041729031e-11	12.566394830588493	12.566394830602267
45.0	1.2314495179972866e-11	12.56639483058996	12.566394830602274
45.1	1.0518444561263143e-11	12.566394830591763	12.566394830602281
45.2	8.529818458154735e-12	12.56639483059376	12.56639483060229
45.3	6.499721005072229e-12	12.566394830595797	12.566394830602297
45.4	4.573990015731165e-12	12.566394830597732	12.566394830602306
45.5	2.8820966627606743e-12	12.566394830599428	12.56639483060231
45.6	1.5279853439287645e-12	12.566394830600787	12.566394830602315
45.7	5.834541677676964e-13	12.566394830601734	12.566394830602317
45.8	8.444196776593447e-14	12.566394830602233	12.566394830602318
45.9	3.033880369376291e-14	12.566394830602286	12.566394830602317
46.0	3.8619390342456694e-13	12.566394830601928	12.566394830602313
46.1	1.0874764523464047e-12	12.56639483060122	12.566394830602308
46.2	2.0468659092515767e-12	12.566394830600258	12.566394830602304
46.3	3.1624209640016316e-12	12.566394830599135	12.566394830602297
46.4	4.326406725636666e-12	12.566394830597966	12.566394830602293
46.5	5.434050457587087e-12	12.566394830596854	12.566394830602288
46.6	6.391544730097322e-12	12.566394830595893	12.566394830602285
46.7	7.122716370970264e-12	12.56639483059516	12.566394830602283
46.8	7.573919284944886e-12	12.566394830594707	12.566394830602281
46.9	7.716875366721638e-12	12.566394830594563	12.56639483060228
47.0	7.549365139207727e-12	12.566394830594732	12.566394830602281
47.1	7.0938433675479544e-12	12.56639483059519	12.566394830602283
47.2	6.39421140216194e-12	12.566394830595891	12.566394830602286
47.3	5.511106795237558e-12	12.56639483059678	12.56639483060229
47.4	4.5161643054595545e-12	12.566394830597778	12.566394830602293
47.5	3.4857561739571515e-12	12.566394830598812	12.566394830602297
47.6	2.4947315886137655e-12	12.566394830599807	12.5663948306023
47.7	1.6106462304822048e-12	12.566394830600695	12.566394830602306
47.8	8.8890626987505e-13	12.566394830601418	12.566394830602306
47.9	3.691538683530801e-13	12.56639483060194	12.56639483060231
48.0	7.310283732485839e-14	12.566394830602237	12.56639483060231
48.1	3.905268452886907e-15	12.566394830602304	12.566394830602308
48.2	1.4700461582427004e-13	12.56639483060216	12.566394830602308
48.3	4.723182252318967e-13	12.566394830601833	12.566394830602306
48.4	9.375001932863127e-13	12.566394830601364	12.566394830602302
48.5	1.4919681964826183e-12	12.566394830600808	12.5663948306023
48.6	2.081337764160065e-12	12.566394830600215	12.566394830602297
48.7	2.6518952922718246e-12	12.566394830599643	12.566394830602295
48.8	3.1547570141333033e-12	12.566394830599137	12.566394830602292
48.9	3.5494040654665978e-12	12.56639483059874	12.56639483060229
49.0	3.806350435725001e-12	12.566394830598483	12.56639483060229
49.1	3.908784810126933e-12	12.56639483059838	12.566394830602288
49.2	3.8531202877643006e-12	12.566394830598437	12.56639483060229
49.3	3.648477829640335e-12	12.566394830598643	12.566394830602292
49.4	3.315211237679974e-12	12.566394830598977	12.566394830602292
49.5	2.8826475061168365e-12	12.566394830599412	12.566394830602295
49.6	2.3862638289050435e-12	12.566394830599911	12.566394830602297
49.7	1.8645510699051038e-12	12.566394830600434	12.566394830602299
49.8	1.3558235695148404e-12	12.566394830600945	12.5663948306023
49.9	8.952268868762122e-13	12.566394830601407	12.566394830602302
50.0	5.121683175533376e-13	12.56639483060179	12.566394830602302
50.1	2.2835059625940377e-13	12.566394830602077	12.566394830602306
50.2	5.653028696905656e-14	12.566394830602249	12.566394830602306
50.3	5.5053348995734e-17	12.566394830602304	12.566394830602304
50.4	5.316623791195083e-14	12.56639483060225	12.566394830602304
50.5	2.0199264465946796e-13	12.566394830602102	12.566394830602304
50.6	4.2611342120801166e-13	12.566394830601876	12.566394830602302
50.7	7.005344566224095e-13	12.566394830601599	12.566394830602299
50.8	9.979031077381656e-13	12.5663948306013	12.566394830602299
50.9	1.2907788268130361e-12	12.566394830601007	12.566394830602299
51.0	1.553781613823758e-12	12.566394830600743	12.566394830602297
51.1	1.7654565285678017e-12	12.56639483060053	12.566394830602295
51.2	1.909721271246858e-12	12.566394830600386	12.566394830602295
51.3	1.976804037451518e-12	12.566394830600318	12.566394830602295
51.4	1.9636268082224244e-12	12.56639483060033	12.566394830602293
51.5	1.8736390138341223e-12	12.566394830600421	12.566394830602295
51.6	1.7161516489015577e-12	12.56639483060058	12.566394830602295
51.7	1.5052575715419959e-12	12.566394830600792	12.566394830602297
51.8	1.2584479678311417e-12	12.56639483060104	12.566394830602297
51.9	9.950485576877823e-13	12.566394830601304	12.566394830602299
52.0	7.346039667904255e-13	12.566394830601565	12.5663948306023
52.1	4.953361164842407e-13	12.566394830601807	12.566394830602302
52.2	2.927924222986253e-13	12.56639483060201	12.566394830602302
52.3	1.387811697584878e-13	12.566394830602164	12.566394830602302
52.4	4.0664484019254247e-14	12.566394830602261	12.566394830602302
52.5	1.04568923782624e-15	12.5663948306023	12.566394830602302
52.6	1.7851636695739876e-14	12.566394830602285	12.566394830602302
52.7	8.477687002009409e-14	12.566394830602217	12.566394830602302
52.8	1.920295651089448e-13	12.566394830602109	12.5663948306023
52.9	3.273010501635158e-13	12.566394830601974	12.5663948306023
53.0	4.768709638517374e-13	12.566394830601823	12.566394830602299
53.1	6.267569790033757e-13	12.566394830601672	12.566394830602299
53.2	7.638199380678462e-13	12.566394830601535	12.566394830602299
53.3	8.767418512032963e-13	12.566394830601421	12.566394830602299
53.4	9.568061831378734e-13	12.566394830601341	12.566394830602299
53.5	9.984278124185964e-13	12.566394830601299	12.566394830602297
53.6	9.994032656047815e-13	12.566394830601299	12.566394830602299
53.7	9.608777587960548e-13	12.566394830601338	12.566394830602299
53.8	8.870504802556024e-13	12.56639483060141	12.566394830602297
53.9	7.846598985896259e-13	12.566394830601514	12.566394830602299
54.0	6.623046890585171e-13	12.566394830601636	12.566394830602299
54.1	5.296631223754933e-13	12.56639483060177	12.566394830602299
54.2	3.966758050806482e-13	12.566394830601904	12.5663948306023
54.3	2.727550067636295e-13	12.566394830602029	12.566394830602302
54.4	1.660791395333427e-13	12.566394830602135	12.5663948306023
54.5	8.302296420753936e-14	12.566394830602219	12.566394830602302
54.6	2.776218257965988e-14	12.566394830602274	12.566394830602302
54.7	2.0753404540130544e-15	12.566394830602299	12.5663948306023
54.8	5.347829232482627e-15	12.566394830602295	12.5663948306023
54.9	3.476474281290965e-14	12.566394830602267	12.566394830602302
55.0	8.566409921390435e-14	12.566394830602215	12.5663948306023
55.1	1.5201127131845538e-13	12.566394830602148	12.5663948306023
55.2	2.2694975948313839e-13	12.566394830602073	12.5663948306023
55.3	3.033818589259244e-13	12.566394830601997	12.5663948306023
55.4	3.7453411193680317e-13	12.566394830601926	12.5663948306023
55.5	4.344658958520515e-13	12.566394830601865	12.5663948306023
55.6	4.784850332241361e-13	12.566394830601821	12.566394830602299
55.7	5.034422967710991e-13	12.566394830601796	12.566394830602299
55.8	5.0788723810783e-13	12.56639483060179	12.566394830602299
55.9	4.920802101482399e-13	12.566394830601807	12.566394830602299
56.0	4.578682508413127e-13	12.566394830601842	12.5663948306023
56.1	4.0844378561128967e-13	12.566394830601892	12.5663948306023
56.2	3.480134118256224e-13	12.566394830601952	12.5663948306023
56.3	2.814087726408999e-13	12.566394830602018	12.566394830602299
56.4	2.136730416764653e-13	12.566394830602087	12.5663948306023
56.5	1.4965563027351411e-13	12.566394830602151	12.5663948306023
56.6	9.36451060790613e-14	12.566394830602206	12.5663948306023
56.7	4.9066249590825206e-14	12.566394830602253	12.566394830602302
56.8	1.8261580493610443e-14	12.566394830602283	12.5663948306023
56.9	2.3704742806738825e-15	12.566394830602299	12.5663948306023
57.0	1.3104843020322293e-15	12.5663948306023	12.566394830602302
57.1	1.385654949001577e-14	12.566394830602286	12.5663948306023
57.2	3.780559246293273e-14	12.566394830602263	12.5663948306023
57.3	7.020767798534965e-14	12.566394830602231	12.566394830602302
57.4	1.0764100014412302e-13	12.566394830602192	12.5663948306023
57.5	1.4650648376518302e-13	12.566394830602153	12.566394830602299
57.6	1.8331828402226597e-13	12.566394830602118	12.5663948306023
57.7	2.149684241803633e-13	12.566394830602086	12.5663948306023
57.8	2.389468845954291e-13	12.56639483060206	12.5663948306023
57.9	2.535025406103309e-13	12.566394830602047	12.5663948306023
58.0	2.577354101518471e-13	12.566394830602043	12.5663948306023
58.1	2.5161652158454187e-13	12.566394830602048	12.5663948306023
58.2	2.3593786723270573e-13	12.566394830602064	12.5663948306023
58.3	2.122006619061818e-13	12.566394830602087	12.566394830602299
58.4	1.8245476818831162e-13	12.566394830602118	12.5663948306023
58.5	1.4910520606770547e-13	12.566394830602151	12.5663948306023
58.6	1.1470301641329265e-13	12.566394830602185	12.5663948306023
58.7	8.173758581613953e-14	12.566394830602219	12.5663948306023
58.8	5.244619121070366e-14	12.566394830602249	12.566394830602302
58.9	2.8654275563238454e-14	12.566394830602272	12.5663948306023
59.0	1.165699532634648e-14	12.56639483060229	12.566394830602302
59.1	2.1489926258604052e-15	12.566394830602299	12.5663948306023
59.2	2.0529171307207563e-16	12.5663948306023	12.5663948306023
59.3	5.3119839947364866e-15	12.566394830602295	12.5663948306023
59.4	1.644136005775586e-14	12.566394830602285	12.5663948306023
59.5	3.2162810395898804e-14	12.566394830602269	12.5663948306023
59.6	5.077848539368159e-14	12.566394830602249	12.5663948306023
59.7	7.047152283798674e-14	12.56639483060223	12.5663948306023
59.8	8.945456574718477e-14	12.566394830602212	12.5663948306023
59.9	1.0610713108274071e-13	12.566394830602194	12.5663948306023
60.0	1.190919525455052e-13	12.566394830602182	12.5663948306023
60.1	1.2744254625980652e-13	12.566394830602173	12.5663948306023
60.2	1.3061681078560298e-13	12.566394830602169	12.5663948306023
60.3	1.2851433721005323e-13	12.56639483060217	12.566394830602299
60.4	1.2145807998774384e-13	12.566394830602178	12.566394830602299
60.5	1.1014387043635105e-13	12.56639483060219	12.5663948306023
60.6	9.556366638103246e-14	12.566394830602205	12.5663948306023
60.7	7.891019366237357e-14	12.566394830602222	12.5663948306023
60.8	6.147162080725459e-14	12.566394830602238	12.5663948306023
60.9	4.4525108179669594e-14	12.566394830602256	12.5663948306023
61.0	2.9237569792501176e-14	12.566394830602272	12.5663948306023
61.1	1.6580905223091128e-14	12.566394830602285	12.5663948306023
61.2	7.267429695558583e-15	12.566394830602293	12.5663948306023
61.3	1.7093720650692445e-15	12.566394830602299	12.5663948306023
61.4	4.2457750406951e-18	12.5663948306023	12.5663948306023
61.5	1.9457710288389177e-15	12.566394830602299	12.5663948306023
61.6	7.058007784744106e-15	12.566394830602293	12.5663948306023
61.7	1.4648627038247322e-14	12.566394830602286	12.5663948306023
61.8	2.3875954648834675e-14	12.566394830602277	12.5663948306023
61.9	3.3823662518765336e-14	12.566394830602267	12.5663948306023
62.0	4.357677942730136e-14	12.566394830602258	12.566394830602302
62.1	5.229300832131178e-14	12.566394830602249	12.5663948306023
62.2	5.92640884309073e-14	12.566394830602242	12.5663948306023
62.3	6.396303304513745e-14	12.566394830602237	12.5663948306023
62.4	6.607440809232579e-14	12.566394830602235	12.5663948306023
62.5	6.55062919509922e-14	12.566394830602235	12.5663948306023
62.6	6.238406598861243e-14	12.566394830602238	12.5663948306023
62.7	5.702761419320958e-14	12.566394830602244	12.5663948306023
62.8	4.9914747233887896e-14	12.56639483060225	12.5663948306023
62.9	4.1634619003436925e-14	12.56639483060226	12.5663948306023
63.0	3.2835516787204097e-14	12.566394830602269	12.5663948306023
63.1	2.417167162768876e-14	12.566394830602277	12.566394830602302
63.2	1.6253691715517946e-14	12.566394830602285	12.5663948306023
63.3	9.606943485354066e-15	12.566394830602292	12.5663948306023
63.4	4.641788356481073e-15	12.566394830602297	12.566394830602302
63.5	1.6391278295408822e-15	12.566394830602299	12.5663948306023
63.6	7.543005283960979e-16	12.5663948306023	12.5663948306023
63.7	2.0420523471969387e-15	12.566394830602299	12.5663948306023
63.8	5.5050181258938354e-15	12.566394830602295	12.5663948306023
63.9	1.1167716236535757e-14	12.56639483060229	12.5663948306023
64.0	1.9177061165685408e-14	12.566394830602281	12.5663948306023
64.1	2.992818722864739e-14	12.56639483060227	12.5663948306023
64.2	4.4210070185367875e-14	12.566394830602256	12.5663948306023
64.3	6.335808984170986e-14	12.566394830602238	12.566394830602302
64.4	8.938963501281956e-14	12.566394830602212	12.5663948306023
64.5	1.2508429914212562e-13	12.566394830602176	12.5663948306023
64.6	1.739539282907687e-13	12.566394830602126	12.5663948306023
64.7	2.400338937305625e-13	12.56639483060206	12.5663948306023
64.8	3.274224104514577e-13	12.566394830601974	12.5663948306023
64.9	4.3950894374491944e-13	12.566394830601862	12.5663948306023
65.0	5.778760322930763e-13	12.566394830601723	12.5663948306023
65.1	7.409390287012124e-13	12.56639483060156	12.5663948306023
65.2	9.225056958028587e-13	12.566394830601379	12.5663948306023
65.3	1.1105794909816963e-12	12.566394830601189	12.566394830602299
65.4	1.2868660761749033e-12	12.566394830601011	12.566394830602297
65.5	1.4275228374735833e-12	12.566394830600869	12.566394830602297
65.6	1.505654186903542e-12	12.56639483060079	12.566394830602297
65.7	1.4958418882063394e-12	12.5663948306008	12.566394830602295
65.8	1.3805764580959205e-12	12.566394830600915	12.566394830602295
65.9	1.1578435410598777e-12	12.566394830601139	12.566394830602297
66.0	8.484156083281338e-13	12.56639483060145	12.566394830602299
66.1	5.007852420760264e-13	12.566394830601801	12.566394830602302
66.2	1.9139392083231445e-13	12.566394830602116	12.566394830602308
66.3	1.8107126586203988e-14	12.566394830602293	12.566394830602311
66.4	8.592979118770481e-14	12.56639483060223	12.566394830602315
66.5	4.857363164108652e-13	12.566394830601832	12.566394830602317
66.6	1.2690473966026463e-12	12.566394830601046	12.566394830602315
66.7	2.424098849869013e-12	12.566394830599886	12.566394830602311
66.8	3.8599058523367496e-12	12.566394830598442	12.566394830602302
66.9	5.405006188333647e-12	12.566394830596886	12.566394830602292
67.0	6.825574048823338e-12	12.566394830595454	12.56639483060228
67.1	7.863611943871762e-12	12.566394830594405	12.566394830602269
67.2	8.29056813214843e-12	12.566394830593971	12.566394830602261
67.3	7.96623088643789e-12	12.566394830594296	12.566394830602263
67.4	6.888753472864897e-12	12.566394830595382	12.56639483060227
67.5	5.2207628358674295e-12	12.566394830597064	12.566394830602285
67.6	3.2797283790023833e-12	12.566394830599025	12.566394830602304
67.7	1.4880974703368744e-12	12.566394830600837	12.566394830602325
67.8	2.888421007129666e-13	12.566394830602054	12.566394830602343
67.9	4.25632680227801e-14	12.566394830602308	12.56639483060235
68.0	9.301246320266383e-13	12.566394830601416	12.566394830602347
68.1	2.887145030737238e-12	12.566394830599444	12.56639483060233
68.2	5.591958012454564e-12	12.566394830596714	12.566394830602306
68.3	8.517114884457995e-12	12.56639483059376	12.566394830602277
68.4	1.103853062489065e-11	12.566394830591213	12.56639483060225
68.5	1.2579986152901196e-11	12.566394830589653	12.566394830602233
68.6	1.2758601288070424e-11	12.56639483058947	12.566394830602228
68.7	1.1493080234258108e-11	12.566394830590749	12.566394830602242
68.8	9.043009016217075e-12	12.566394830593223	12.566394830602267
68.9	5.963431990009031e-12	12.566394830596337	12.5663948306023
69.0	2.9806688303192812e-12	12.566394830599354	12.566394830602334
69.1	8.171435608268547e-13	12.566394830601542	12.56639483060236
69.2	8.675673398304233e-15	12.566394830602361	12.56639483060237
69.3	7.623322830470864e-13	12.566394830601599	12.566394830602361
69.4	2.894517356490949e-12	12.56639483059944	12.566394830602334
69.5	5.86908558897254e-12	12.566394830596431	12.5663948306023
69.6	8.928918973503136e-12	12.566394830593335	12.566394830602265
69.7	1.1288718306572615e-11	12.566394830590948	12.566394830602237
69.8	1.2339011042409996e-11	12.566394830589884	12.566394830602222
69.9	1.1806868884861114e-11	12.566394830590424	12.566394830602231
70.0	9.82928736148007e-12	12.566394830592424	12.566394830602253
70.1	6.91811660971763e-12	12.566394830595371	12.56639483060229
70.2	3.82472969105518e-12	12.566394830598501	12.566394830602325
70.3	1.3401858048089383e-12	12.566394830601014	12.566394830602354
70.4	8.471525719616571e-14	12.566394830602283	12.566394830602368
70.5	3.43697238312437e-13	12.566394830602018	12.566394830602361
70.6	1.9947942689865652e-12	12.566394830600345	12.56639483060234
70.7	4.545905520909379e-12	12.56639483059776	12.566394830602306
70.8	7.273039483306398e-12	12.566394830594998	12.56639483060227
70.9	9.419647127116893e-12	12.566394830592825	12.566394830602245
71.0	1.040215325275776e-11	12.56639483059183	12.566394830602233
71.1	9.965099772899483e-12	12.566394830592273	12.566394830602238
71.2	8.243805675019789e-12	12.566394830594017	12.566394830602261
71.3	5.718602697350242e-12	12.566394830596574	12.566394830602292
71.4	3.0750770664975387e-12	12.56639483059925	12.566394830602325
71.5	1.010733823242147e-12	12.566394830601338	12.566394830602349
71.6	4.280799829835918e-14	12.566394830602315	12.566394830602357
71.7	3.706683145382275e-13	12.56639483060198	12.566394830602352
71.8	1.8299611908476564e-12	12.5663948306005	12.566394830602329
71.9	3.949160790122253e-12	12.566394830598352	12.5663948306023
72.0	6.090194948542488e-12	12.566394830596181	12.56639483060227
72.1	7.631578658366267e-12	12.56639483059462	12.56639483060225
72.2	8.141499757234813e-12	12.566394830594104	12.566394830602245
72.3	7.492445882835197e-12	12.566394830594763	12.566394830602256
72.4	5.886738623444867e-12	12.56639483059639	12.566394830602277
72.5	3.788381231004045e-12	12.566394830598515	12.566394830602304
72.6	1.7833087596916811e-12	12.566394830600546	12.566394830602329
72.7	4.0981798165684877e-13	12.566394830601935	12.566394830602345
72.8	8.196851806328742e-15	12.56639483060234	12.566394830602349
72.9	6.316234407362259e-13	12.566394830601705	12.566394830602338
73.0	2.0416385554674536e-12	12.566394830600274	12.566394830602315
73.1	3.786627596861665e-12	12.566394830598504	12.566394830602292
73.2	5.338090707443913e-12	12.566394830596932	12.56639483060227
73.3	6.2437973054489196e-12	12.566394830596016	12.56639483060226
73.4	6.253478809694183e-12	12.566394830596007	12.56639483060226
73.5	5.3821194237183626e-12	12.56639483059689	12.566394830602272
73.6	3.8950370373690105e-12	12.566394830598396	12.566394830602292
73.7	2.221968126142798e-12	12.56639483060009	12.566394830602313
73.8	8.275068994074028e-13	12.566394830601503	12.56639483060233
73.9	7.678214305006423e-14	12.566394830602261	12.566394830602338
74.0	1.3515183460438092e-13	12.5663948306022	12.566394830602334
74.1	9.294003532036556e-13	12.566394830601393	12.566394830602322
74.2	2.1791127778987256e-12	12.566394830600125	12.566394830602304
74.3	3.4863035111785937e-12	12.5663948305988	12.566394830602286
74.4	4.4550318292649534e-12	12.566394830597817	12.566394830602272
74.5	4.805224796305346e-12	12.566394830597464	12.566394830602269
74.6	4.448086049645578e-12	12.566394830597826	12.566394830602274
74.7	3.502958253801339e-12	12.566394830598785	12.566394830602288
74.8	2.25332229998544e-12	12.56639483060005	12.566394830602304
74.9	1.0573581894423564e-12	12.566394830601261	12.566394830602318
75.0	2.409996512029201e-13	12.566394830602087	12.566394830602329
75.1	5.2633594538414e-15	12.566394830602324	12.566394830602329
75.2	3.740699991346689e-13	12.566394830601949	12.566394830602324
75.3	1.1958253804352185e-12	12.566394830601114	12.56639483060231
75.4	2.195794647745609e-12	12.5663948306001	12.566394830602295
75.5	3.0616649529561437e-12	12.566394830599222	12.566394830602285
75.6	3.5358548402856673e-12	12.566394830598743	12.56639483060228
75.7	3.4874115660272586e-12	12.566394830598792	12.56639483060228
75.8	2.9435787215884603e-12	12.566394830599343	12.566394830602286
75.9	2.073830028366214e-12	12.566394830600226	12.566394830602299
76.0	1.1333755314701948e-12	12.566394830601178	12.566394830602311
76.1	3.8462380964429294e-13	12.566394830601935	12.56639483060232
76.2	2.0598550685182142e-14	12.566394830602302	12.566394830602324
76.3	1.1253304039044781e-13	12.566394830602208	12.56639483060232
76.4	5.956781968395372e-13	12.566394830601716	12.566394830602311
76.5	1.2954756965292364e-12	12.566394830601007	12.566394830602302
76.6	1.9843368877915584e-12	12.566394830600307	12.566394830602292
76.7	2.4508260509074088e-12	12.566394830599835	12.566394830602286
76.8	2.560374129605363e-12	12.566394830599725	12.566394830602285
76.9	2.290234556970375e-12	12.566394830599998	12.566394830602288
77.0	1.7298589148010162e-12	12.566394830600567	12.566394830602297
77.1	1.0484745383619186e-12	12.566394830601258	12.566394830602306
77.2	4.411597087592197e-13	12.566394830601872	12.566394830602313
77.3	7.039622262466951e-14	12.566394830602247	12.566394830602318
77.4	2.0468022639565135e-14	12.566394830602297	12.566394830602318
77.5	2.773404714023732e-13	12.566394830602036	12.566394830602313
77.6	7.384702931341796e-13	12.566394830601567	12.566394830602306
77.7	1.2479599171213765e-12	12.56639483060105	12.566394830602299
77.8	1.645289494997588e-12	12.566394830600647	12.566394830602292
77.9	1.812546078148155e-12	12.566394830600478	12.56639483060229
78.0	1.7063807462230845e-12	12.566394830600586	12.566394830602293
78.1	1.3662121194138077e-12	12.566394830600931	12.566394830602297
78.2	8.976730239357577e-13	12.566394830601405	12.566394830602302
78.3	4.3763539895435794e-13	12.566394830601872	12.56639483060231
78.4	1.1219107071536089e-13	12.566394830602201	12.566394830602313
78.5	3.5950634196298197e-16	12.566394830602313	12.566394830602313
78.6	1.1384145664064413e-13	12.566394830602198	12.566394830602311
78.7	3.9779066544314754e-13	12.566394830601908	12.566394830602306
78.8	7.510850903826981e-13	12.566394830601551	12.566394830602302
78.9	1.0589291563091516e-12	12.566394830601238	12.566394830602297
79.0	1.2274271123448492e-12	12.566394830601068	12.566394830602295
79.1	1.2098279891610253e-12	12.566394830601086	12.566394830602295
79.2	1.0172385108555076e-12	12.566394830601281	12.566394830602299
79.3	7.11630329719901e-13	12.56639483060159	12.566394830602302
79.4	3.8432597387445476e-13	12.566394830601922	12.566394830602306
79.5	1.2722964322459867e-13	12.566394830602183	12.566394830602311
79.6	5.7473675473243256e-15	12.566394830602306	12.566394830602311
79.7	4.127075213595279e-14	12.566394830602269	12.56639483060231
79.8	2.0776985991680282e-13	12.5663948306021	12.566394830602308
79.9	4.425819711360188e-13	12.56639483060186	12.566394830602302
80.0	6.672855589766235e-13	12.566394830601633	12.5663948306023
80.1	8.11838265951561e-13	12.566394830601487	12.566394830602299
80.2	8.346403441736872e-13	12.566394830601464	12.566394830602299
80.3	7.328718487940605e-13	12.566394830601567	12.5663948306023
80.4	5.406997361595148e-13	12.566394830601762	12.566394830602302
80.5	3.166958417503877e-13	12.566394830601988	12.566394830602304
80.6	1.2490658715074272e-13	12.566394830602183	12.566394830602308
80.7	1.559449629759458e-14	12.566394830602293	12.56639483060231
80.8	1.1363270720989648e-14	12.566394830602297	12.566394830602308
80.9	1.0239960390874851e-13	12.566394830602205	12.566394830602308
81.0	2.5161447797613136e-13	12.566394830602052	12.566394830602304
81.1	4.0748440045273105e-13	12.566394830601894	12.5663948306023
81.2	5.202651980874529e-13	12.56639483060178	12.5663948306023
81.3	5.565504535132944e-13	12.566394830601743	12.566394830602299
81.4	5.07983820828408e-13	12.566394830601793	12.5663948306023
81.5	3.919557006037793e-13	12.56639483060191	12.566394830602302
81.6	2.446391655787198e-13	12.56639483060206	12.566394830602306
81.7	1.0896401092315789e-13	12.566394830602198	12.566394830602306
81.8	2.1444987982020187e-14	12.566394830602286	12.566394830602308
81.9	1.8442326250396804e-15	12.566394830602306	12.566394830602308
82.0	4.852713626085126e-14	12.566394830602258	12.566394830602306
82.1	1.4048118311778142e-13	12.566394830602164	12.566394830602304
82.2	2.4492372652328865e-13	12.566394830602059	12.566394830602304
82.3	3.2784485067031464e-13	12.566394830601974	12.566394830602302
82.4	3.6415147865349926e-13	12.566394830601938	12.566394830602302
82.5	3.444365788221137e-13	12.566394830601958	12.566394830602302
82.6	2.7661241945756643e-13	12.566394830602027	12.566394830602304
82.7	1.8229711159307443e-13	12.566394830602121	12.566394830602304
82.8	8.940772618924838e-14	12.566394830602215	12.566394830602304
82.9	2.3432613255769892e-14	12.566394830602283	12.566394830602306
83.0	6.670163666841704e-17	12.566394830602306	12.566394830602306
83.1	2.129249800619303e-14	12.566394830602285	12.566394830602306
83.2	7.581410177124925e-14	12.56639483060223	12.566394830602306
83.3	1.433931040368184e-13	12.56639483060216	12.566394830602304
83.4	2.0151079278453896e-13	12.566394830602102	12.566394830602302
83.5	2.3220754616309206e-13	12.56639483060207	12.566394830602302
83.6	2.2705753043776698e-13	12.566394830602075	12.566394830602302
83.7	1.8894268256179638e-13	12.566394830602114	12.566394830602302
83.8	1.303402011311257e-13	12.566394830602174	12.566394830602304
83.9	6.889441290030981e-14	12.566394830602237	12.566394830602306
84.0	2.1792189008859436e-14	12.566394830602283	12.566394830602304
84.1	7.016755415463035e-16	12.566394830602304	12.566394830602304
84.2	8.733660124612257e-15	12.566394830602297	12.566394830602306
84.3	4.017352236721055e-14	12.566394830602265	12.566394830602306
84.4	8.285192160551635e-14	12.56639483060222	12.566394830602304
84.5	1.2224854328466726e-13	12.566394830602182	12.566394830602304
84.6	1.4597756210774757e-13	12.566394830602157	12.566394830602302
84.7	1.4729366922237303e-13	12.566394830602157	12.566394830602304
84.8	1.2665318278223467e-13	12.566394830602176	12.566394830602302
84.9	9.101706785509352e-14	12.566394830602214	12.566394830602304
85.0	5.127783036794824e-14	12.566394830602253	12.566394830602304
85.1	1.872016539611859e-14	12.566394830602286	12.566394830602306
85.2	1.641802966344361e-15	12.566394830602304	12.566394830602306
85.3	3.1257858985610524e-15	12.566394830602302	12.566394830602306
85.4	2.053585174402205e-14	12.566394830602285	12.566394830602306
85.5	4.674963991057898e-14	12.566394830602258	12.566394830602304
85.6	7.2626654761984e-14	12.566394830602231	12.566394830602304
85.7	8.988038206791e-14	12.566394830602214	12.566394830602304
85.8	9.346922650011086e-14	12.56639483060221	12.566394830602304
85.9	8.283385036157099e-14	12.56639483060222	12.566394830602304
86.0	6.17046573518231e-14	12.566394830602242	12.566394830602304
86.1	3.665026687296854e-14	12.566394830602269	12.566394830602306
86.2	1.48987250263288e-14	12.56639483060229	12.566394830602304
86.3	2.1371969829996943e-15	12.566394830602302	12.566394830602304
86.4	9.459694520403978e-16	12.566394830602304	12.566394830602306
86.5	1.0281473654323402e-14	12.566394830602295	12.566394830602306
86.6	2.607779727227161e-14	12.566394830602277	12.566394830602304
86.7	4.269788617632989e-14	12.566394830602261	12.566394830602304
86.8	5.47344699969699e-14	12.566394830602249	12.566394830602304
86.9	5.85969436822698e-14	12.566394830602245	12.566394830602304
87.0	5.342961243917764e-14	12.56639483060225	12.566394830602304
87.1	4.114244077421993e-14	12.566394830602263	12.566394830602304
87.2	2.561727775833312e-14	12.56639483060228	12.566394830602304
87.3	1.1392753421421881e-14	12.566394830602293	12.566394830602304
87.4	2.261489061208567e-15	12.566394830602302	12.566394830602304
87.5	2.0402128398130045e-16	12.566394830602304	12.566394830602304
87.6	4.949002633477179e-15	12.5663948306023	12.566394830602306
87.7	1.4239163246410028e-14	12.56639483060229	12.566394830602304
87.8	2.4665912903012446e-14	12.56639483060228	12.566394830602304
87.9	3.277743478515424e-14	12.566394830602272	12.566394830602304
88.0	3.6107988881165526e-14	12.566394830602269	12.566394830602304
88.1	3.3828641882361955e-14	12.56639483060227	12.566394830602304
88.2	2.6857099804364477e-14	12.566394830602277	12.566394830602304
88.3	1.743879422403169e-14	12.566394830602286	12.566394830602304
88.4	8.367835175377128e-15	12.566394830602297	12.566394830602306
88.5	2.109734533904828e-15	12.566394830602302	12.566394830602304
88.6	9.52953531633229e-17	12.566394830602304	12.566394830602304
88.7	2.3816037199879012e-15	12.566394830602302	12.566394830602304
88.8	7.75029180577939e-15	12.566394830602297	12.566394830602304
88.9	1.4177060706842874e-14	12.56639483060229	12.566394830602304
89.0	1.9501372330626888e-14	12.566394830602285	12.566394830602304
89.1	2.20800013145141e-14	12.566394830602283	12.566394830602304
89.2	2.1231262747417367e-14	12.566394830602283	12.566394830602304
89.3	1.735553484302301e-14	12.566394830602286	12.566394830602304
89.4	1.1723895539131553e-14	12.566394830602293	12.566394830602306
89.5	6.026190380088044e-15	12.566394830602299	12.566394830602304
89.6	1.8335021414355647e-15	12.566394830602302	12.566394830602304
89.7	1.4196100726931536e-16	12.566394830602304	12.566394830602304
89.8	1.1261490176065776e-15	12.566394830602304	12.566394830602306
89.9	4.15705431910625e-15	12.5663948306023	12.566394830602304
90.0	8.056473874719217e-15	12.566394830602297	12.566394830602306
90.1	1.1492378407418914e-14	12.566394830602293	12.566394830602304
90.2	1.3386451911305685e-14	12.566394830602292	12.566394830602306
90.3	1.3212462478695514e-14	12.566394830602292	12.566394830602304
90.4	1.1106465990245086e-14	12.566394830602293	12.566394830602304
90.5	7.771701338450366e-15	12.566394830602297	12.566394830602304
90.6	4.2228260049605474e-15	12.5663948306023	12.566394830602304
90.7	1.457998985017986e-15	12.566394830602302	12.566394830602304
90.8	1.6190928506841446e-16	12.566394830602304	12.566394830602304
90.9	5.260138341930277e-16	12.566394830602304	12.566394830602304
91.0	2.230999325992377e-15	12.566394830602302	12.566394830602304
91.1	4.584516288336829e-15	12.5663948306023	12.566394830602306
91.2	6.760719168521019e-15	12.566394830602297	12.566394830602304
91.3	8.0608995014658e-15	12.566394830602297	12.566394830602306
91.4	8.11387786502294e-15	12.566394830602297	12.566394830602306
91.5	6.959560513583951e-15	12.566394830602297	12.566394830602304
91.6	4.999843891449049e-15	12.566394830602299	12.566394830602304
91.7	2.8437414179349464e-15	12.566394830602302	12.566394830602306
91.8	1.1042288755344621e-15	12.566394830602304	12.566394830602306
91.9	2.1383548949585358e-16	12.566394830602304	12.566394830602304
92.0	3.1326716349615075e-16	12.566394830602304	12.566394830602304
92.1	1.2388389049551592e-15	12.566394830602304	12.566394830602306
92.2	2.601351239448152e-15	12.566394830602302	12.566394830602304
92.3	3.922522629587803e-15	12.5663948306023	12.566394830602304
92.4	4.7825446376286815e-15	12.5663948306023	12.566394830602306
92.5	4.935296606940738e-15	12.566394830602299	12.566394830602304
92.6	4.362592303895472e-15	12.5663948306023	12.566394830602304
92.7	3.259126983121656e-15	12.5663948306023	12.566394830602304
92.8	1.9591798185882384e-15	12.566394830602302	12.566394830602304
92.9	8.301174856940888e-16	12.566394830602304	12.566394830602304
93.0	1.641555448956124e-16	12.566394830602304	12.566394830602304
93.1	9.826364434000888e-17	12.566394830602304	12.566394830602304
93.2	5.833398667047814e-16	12.566394830602304	12.566394830602304
93.3	1.4096829692877826e-15	12.566394830602302	12.566394830602304
93.4	2.2794971994319754e-15	12.566394830602302	12.566394830602304
93.5	2.903027232644184e-15	12.566394830602302	12.566394830602306
93.6	3.0875606834622824e-15	12.5663948306023	12.566394830602304
93.7	2.7910630012989008e-15	12.566394830602302	12.566394830602306
93.8	2.1244588069497987e-15	12.566394830602302	12.566394830602304
93.9	1.304508720695695e-15	12.566394830602302	12.566394830602304
94.0	5.761920151362973e-16	12.566394830602304	12.566394830602304
94.1	1.329538904454805e-16	12.566394830602304	12.566394830602304
94.2	6.165291336720805e-17	12.566394830602304	12.566394830602304
94.3	3.2777321115587875e-16	12.566394830602304	12.566394830602304
94.4	8.006875531522032e-16	12.566394830602304	12.566394830602304
94.5	1.3051378436903534e-15	12.566394830602302	12.566394830602304
94.6	1.678603117062356e-15	12.566394830602302	12.566394830602304
94.7	1.816085610661694e-15	12.566394830602302	12.566394830602304
94.8	1.691587622345984e-15	12.566394830602302	12.566394830602304
94.9	1.354833590777289e-15	12.566394830602302	12.566394830602304
95.0	9.088451164038005e-16	12.566394830602304	12.566394830602306
95.1	4.7721650755604485e-16	12.566394830602304	12.566394830602304
95.2	1.7000916100927888e-16	12.566394830602304	12.566394830602304
95.3	5.573997725609636e-17	12.566394830602304	12.566394830602304
95.4	1.4517220193466273e-16	12.566394830602304	12.566394830602304
95.5	3.9056620062315678e-16	12.566394830602304	12.566394830602304
95.6	7.010632000642499e-16	12.566394830602304	12.566394830602304
95.7	9.707166138748729e-16	12.566394830602304	12.566394830602306
95.8	1.1113212898153857e-15	12.566394830602304	12.566394830602306
95.9	1.0796004995924018e-15	12.566394830602304	12.566394830602306
96.0	8.893368243970369e-16	12.566394830602304	12.566394830602306
96.1	6.040350852806681e-16	12.566394830602304	12.566394830602304
96.2	3.1296451319851112e-16	12.566394830602304	12.566394830602304
96.3	9.981031745042278e-17	12.566394830602304	12.566394830602304
96.4	1.5724868838724293e-17	12.566394830602304	12.566394830602304
96.5	6.614596296637103e-17	12.566394830602304	12.566394830602304
96.6	2.1461248457717023e-16	12.566394830602304	12.566394830602304
96.7	3.9995309956677633e-16	12.566394830602304	12.566394830602304
96.8	5.587529788114828e-16	12.566394830602304	12.566394830602304
96.9	6.445373788923201e-16	12.566394830602304	12.566394830602304
97.0	6.381388035739984e-16	12.566394830602304	12.566394830602304
97.1	5.481621492502957e-16	12.566394830602304	12.566394830602304
97.2	4.0402585210982736e-16	12.566394830602304	12.566394830602304
97.3	2.4545631367901787e-16	12.566394830602304	12.566394830602304
97.4	1.117444631670854e-16	12.566394830602304	12.566394830602304
97.5	3.271619800843357e-17	12.566394830602304	12.566394830602304
97.6	2.2394426995310505e-17	12.566394830602304	12.566394830602304
97.7	7.61211924162615e-17	12.566394830602304	12.566394830602304
97.8	1.7196864226385408e-16	12.566394830602304	12.566394830602304
97.9	2.7679938512178587e-16	12.566394830602304	12.566394830602304
98.0	3.5599965643606535e-16	12.566394830602304	12.566394830602304
98.1	3.841995657834259e-16	12.566394830602304	12.566394830602304
98.2	3.532705211102876e-16	12.566394830602304	12.566394830602304
98.3	2.744390845868467e-16	12.566394830602304	12.566394830602304
98.4	1.7352633908534376e-16	12.566394830602304	12.566394830602304
98.5	8.117367320595026e-17	12.566394830602304	12.566394830602304
98.6	2.2025547854527657e-17	12.566394830602304	12.566394830602304
98.7	7.12163900451214e-18	12.566394830602304	12.566394830602304
98.8	3.2091364289946005e-17	12.566394830602304	12.566394830602304
98.9	8.105429367261305e-17	12.566394830602304	12.566394830602304
99.0	1.338000434598078e-16	12.566394830602304	12.566394830602304
99.1	1.7292761008221397e-16	12.566394830602304	12.566394830602304
99.2	1.8837262493564642e-16	12.566394830602304	12.566394830602304
99.3	1.7846800113927934e-16	12.566394830602304	12.566394830602304
99.4	1.4831121646990917e-16	12.566394830602304	12.566394830602304
99.5	1.0695878832523248e-16	12.566394830602304	12.566394830602304
99.6	6.471248296011624e-17	12.566394830602304	12.566394830602304
99.7	3.0991180877994683e-17	12.566394830602304	12.566394830602304
99.8	1.2671581447673158e-17	12.566394830602304	12.566394830602304
99.9	1.2718479979239465e-17	12.566394830602304	12.566394830602304
100.0	2.929984745281187e-17	12.566394830602304	12.566394830602304

