# dt=0.01 eps=0.5 size1_sp=64 size2_sp=64 size_v1=64 size_v2=64
# sp1 : from 0.0 to 12.566370614359172
# sp2 : from 0.0 to 12.566370614359172
# v1 : from -6.0 to 6.0
# v2 : from -6.0 to 6.0
# interpolation : Lagrange{Double64, true} order=27
# type=Double64 precision = 106
# timeopt=MPIOpt
# nb process : 16
typeof(data)=Array{Double64,4} size(data)=(64, 64, 64, 64)
#time	el-energy	kinetic-energy	global-energy
0.0	162.84847119614582	157.91364451148155	320.76211570762734
0.01	162.8260188733281	157.93609837797538	320.7621172513035
0.02	162.7586769897849	158.00345276337538	320.76212975316025
0.03	162.64649078434903	158.11568602306912	320.76217680741814
0.04	162.48953560212	158.2727620596947	320.7622976618147
0.05	162.28791681514102	158.47463028876152	320.76254710390253
0.06	162.0417697115627	158.72122559080614	320.76299530236884
0.07	161.7512593535065	159.01246825036986	320.76372760387636
0.08	161.41658040390294	159.34826388216197	320.7648442860649
0.09	161.03795692263634	159.7285033448525	320.7664602674888
0.1	160.61564213238748	160.15306264301236	320.76870477539984
0.11	160.14991815461994	160.62180281779345	320.7717209724134
0.12	159.64109571621157	161.13456982701095	320.77566554322254
0.13	159.08951382728446	161.69119441535867	320.78070824264313
0.14	158.49553943083833	162.29149197555245	320.7870314063908
0.15	157.85956702483978	162.93526240125755	320.7948294260973
0.16	157.18201825746664	163.62228993271313	320.80430819017977
0.17	156.463341496251	164.35234299602038	320.8156844922714
0.18	155.70401137190387	165.12517403710936	320.82918540901323
0.19	154.90452829764547	165.94051935144432	320.8450476490898
0.2	154.06541796489833	166.7980989105669	320.8635168754652
0.21	153.1872308162355	167.6976161866125	320.884847002848
0.22	152.27054149650422	168.63875797596393	320.90929947246815
0.23	151.3159482830739	169.62119422323372	320.9371425063076
0.24	150.3240724961802	170.64457784678464	320.96865034296485
0.25	149.29555789035848	171.7085445670154	321.00410245737385
0.26	148.23107002797738	172.81271273864687	321.04378276662425
0.27	147.13129563589894	173.9566831882506	321.08797882414956
0.28	145.9969419463024	175.1400390582605	321.13698100456287
0.29	144.82873602271866	176.36234565870464	321.1910816814233
0.3	143.6274240723282	177.62315032788388	321.2505744002121
0.31	142.39377074557805	178.92198230320886	321.3157530487869
0.32	141.12855842417395	180.25835260338965	321.3869110275636
0.33	139.83258649850166	181.63175392314594	321.4643404216476
0.34	138.50667063552646	183.04166054158006	321.5483311771065
0.35	137.15164203821152	184.48752824532139	321.6391702835329
0.36	135.76834669748771	185.96879426751494	321.73714096500265
0.37	134.35764463779302	187.48487724368678	321.8425218814798
0.38	132.92040915718778	189.03517718547602	321.95558634266376
0.39	131.45752606303338	190.6190754731751	322.0766015362085
0.4	129.96989290420547	192.23593486797137	322.2058277721768
0.41	128.45841820079147	193.8850995447295	322.34351774552096
0.42	126.92402067220159	195.5658951460992	322.4899158183008
0.43	125.36762846459801	197.27762885867529	322.6452573232733
0.44	123.79017837852354	199.01958951187737	322.8097678904009
0.45	122.1926150975846	200.79104770015513	322.9836627977397
0.46	120.57589041901652	202.59125592906227	323.1671463480788
0.47	118.94096248693138	204.41944878567838	323.3604112726098
0.48	117.28879502902008	206.27484313379304	323.5636381628131
0.49	115.62035659745061	208.1566383341998	323.7769949316504
0.5	113.93661981467488	210.0640164903835	324.0006363050584
0.51	112.23856062482608	211.99614271981568	324.23470334464173
0.52	110.52715755135745	213.95216545100877	324.47932300236624
0.53	108.80339096154344	215.93121674641225	324.73460770795566
0.54	107.0682423384321	217.93241265116902	325.0006549896011
0.55	105.3226935608077	219.95485356768577	325.2775471284935
0.56	103.56772619169124	221.99762465590666	325.5653508475979
0.57	101.80432077587618	224.05979625911732	325.8641170349935
0.58	100.03345614696674	226.14042435504442	326.1738805020112
0.59	98.25610874435588	228.2385510319566	326.49465977631246
0.6	96.47325194055158	230.35320498941314	326.8264569299647
0.61	94.68585537923056	232.4834020632512	327.16925744248175
0.62	92.89488432437157	234.6281457743464	327.523030098718
0.63	91.10129902079218	236.78642790063012	327.8877269214223
0.64	89.3060540663872	238.9572290717944	328.2632831381816
0.65	87.51009779634111	241.13951938606772	328.64961718240886
0.66	85.71437167956218	243.33225904839867	329.04663072796086
0.67	83.919809727562	245.5343990293391	329.4542087569011
0.68	82.12733791598185	247.74488174387776	329.8722196598596
0.69	80.33787361894521	249.96264174943505	330.3005153683803
0.7	78.55232505639512	252.18660646219297	330.7389315185881
0.71	76.7715907545557	254.4156968908987	331.1872876454544
0.72	74.99655901963841	256.6488283872487	331.64538740688715
0.73	73.2281074248962	258.88491141193026	332.1130188368265
0.74	71.46710231111281	261.122852315368	332.58995462648085
0.75	69.71439830059875	263.3615541322006	333.07595243279934
0.76	67.97083782475198	265.5999173884864	333.5707552132384
0.77	66.23725066522809	267.8368409206193	334.0740915858474
0.78	64.51445350875304	270.07122270491425	334.5856762136673
0.79	62.803249515600726	272.30196069680846	335.1052102124092
0.8	61.10442790174837	274.5279536786081	335.6323815803565
0.81	59.41876353471331	276.74810211469844	336.1668656494117
0.82	57.7470165430681	278.96130901312586	336.708325556194
0.83	56.08993193962345	281.1664807924515	337.256412732075
0.84	54.44823925826331	283.3625281527689	337.8107674110322
0.85	52.82265220441132	285.54836694977547	338.3710191541868
0.86	51.21386831910411	287.7229190707831	338.93678738988723
0.87	49.622568656643594	289.88511331155263	339.5076819681962
0.88	48.049417475798116	292.03388625283765	340.08330372863577
0.89	46.495061944520565	294.1681831355252	340.6632450800458
0.9	44.96013185815033	296.286958733264	341.2470905914143
0.91	43.445239371065625	298.38917822147675	341.8344175925424
0.92	41.95097874175242	300.4738180416596	342.42479678341203
0.93	40.47792609125678	302.5398667598784	343.0177928511352
0.94	39.02663917498788	304.58632591838324	343.6129650933711
0.95	37.59765716784014	306.61221087927095	344.2098680471111
0.96	36.191500462604	308.61655165913874	344.8080521217427
0.97	34.80867048163608	310.598393753684	345.40706423532004
0.98	33.44964950176097	312.55679895122154	346.0064484529825
0.99	32.11490049237812	314.49084613410287	346.605746626481
1.0	30.804866966748385	316.39963206704056	347.204499033789
1.01	29.519972846436335	318.282272171358	347.8022450177943
1.02	28.260622338884534	320.13790128420334	348.39852362308784
1.03	27.027199828097185	321.96567440178825	348.99287422988544
1.04	25.82006977841031	323.7647674057307	349.584837184141
1.05	24.639576651325566	325.5343777716061	350.1739544229317
1.06	23.486044835383986	327.27372525883203	350.759770094216
1.07	22.359778589054763	328.9820525810381	351.34183117009286
1.08	21.261061996612426	330.6586260560964	351.91968805270886
1.09	20.190158936973262	332.3027362350155	352.4928951719888
1.1	19.147313065459045	333.9136985089267	353.0610115743857
1.11	18.132747808452315	335.49085369342174	353.623601501874
1.12	17.146666370903308	337.0335685895283	354.1802349604316
1.13	16.189251756643653	338.54123652064004	354.7304882772837
1.14	15.260666801456434	340.0132778447495	355.2739446462059
1.15	14.361054218845936	341.44914044136203	355.81019466020797
1.16	13.490536658443661	342.84830017250374	356.3388368309474
1.17	12.649216776979735	344.21026131726524	356.859478094245
1.18	11.837177321740883	345.53455697936073	357.3717343011016
1.19	11.054481226427706	346.8207494672122	357.8752306936399
1.2	10.301171719315013	348.06843064610496	358.36960236541995
1.21	9.577272443609687	349.27722226199427	358.85449470560394
1.22	8.882787589890857	350.44677623657776	359.3295638264686
1.23	8.21770204050718	351.5767749332838	359.79447697379095
1.24	7.581981525795928	352.66693139386075	360.2489129196567
1.25	6.9755727919782045	353.7169895452868	360.69256233726503
1.26	6.398403780574364	354.7267243767563	361.12512815733066
1.27	5.850383819173288	355.69594208653115	361.5463259057044
1.28	5.331403823378987	356.62448019848415	361.95588402186314
1.29	4.841336509747949	357.51220764819124	362.3535441579392
1.3	4.380036619520836	358.35902483846695	362.73906145798776
1.31	3.9473411529426605	359.16486366426966	363.11220481721233
1.32	3.543069613956511	359.9296875069365	363.472757120893
1.33	3.167024265047259	360.65349119774015	363.8205154627874
1.34	2.8189903920036117	361.3363009507931	364.1552913427967
1.35	2.498736578359347	361.9781742653545	364.4769108437138
1.36	2.2060149892676737	362.5791997976293	364.785214786897
1.37	1.940561664556454	363.1394972021758	365.08005886673226
1.38	1.7020968207064826	363.65921694306695	365.36131376377347
1.39	1.4903251614902209	364.13854007498475	365.62886523647495
1.4	1.3049361970042894	364.577677994453	365.8826141914573
1.41	1.1456045708256943	364.9768721614451	366.1224767322708
1.42	1.0119903950191527	365.3363937916288	366.34838418664793
1.43	0.9037395927210191	365.65654351953776	366.5602831122588
1.44	0.820484248024147	365.93765103298887	366.758135281013
1.45	0.7618429628875037	366.18007467909007	366.94191764197757
1.46	0.7274212207944857	366.38420104221353	367.11162226300803
1.47	0.7168117568845865	366.5504444943331	367.26725625121765
1.48	0.7295949342843072	366.67924671815564	367.40884165243995
1.49	0.7653391263649053	366.7710762035027	367.53641532986757
1.5	0.8236011046566932	366.8264277174255	367.6500288220822
1.51	0.9039264321520404	366.8458217485691	367.74974818072116
1.52	1.0058498617319371	366.8298039263251	367.8356537880571
1.53	1.1288957394538706	366.7789444153468	367.9078401548007
1.54	1.2725784124417503	366.6938372860281	367.96641569846986
1.55	1.4364026411216413	366.57509986157953	368.01150250270115
1.56	1.619864015550032	366.4233720423658	368.04323605791586
1.57	1.8224493755841928	366.23931560820176	368.06176498378596
1.58	2.0436372346468263	366.0236134993373	368.0672507339841
1.59	2.282898206839558	365.77696907689364	368.05986728373324
1.6	2.5396954371618596	365.5001053635369	368.03980080069874
1.61	2.8134850345936124	365.19376426522825	368.00724929982186
1.62	3.103716507800696	364.8587057749366	367.9624222827373
1.63	3.409833203223663	364.49570715919464	367.90554036241826
1.64	3.7312727453097145	364.10556212843295	367.83683487374265
1.65	4.067467478647758	363.689079992068	367.75654747071576
1.66	4.417844911765337	363.2470847993494	367.6649297111147
1.67	4.781828162344605	362.7804144670073	367.5622426293519
1.68	5.158836403612325	362.2899198947737	367.448756298386
1.69	5.548285311656046	361.77646406988345	367.3247493815395
1.7	5.949587513415267	361.24092116169396	367.19050867510924
1.71	6.362153035092429	360.6841756075897	367.0463286426821
1.72	6.785389750724127	360.10712119136963	366.89251094209374
1.73	7.218703830647996	359.5106601153384	366.7293639459864
1.74	7.661500189595348	358.8957020673487	366.55720225694404
1.75	8.113182934133881	358.2631632840627	366.37634621819666
1.76	8.57315580917873	357.6139656117199	366.1871214208986
1.77	9.040822643283784	356.94903556571325	365.989858208997
1.78	9.515587792418785	356.2693033902915	365.7848911827103
1.79	9.996856581931015	355.5757021197102	365.5725587016412
1.8	10.484035746383945	354.869166642164	365.3532023885479
1.81	10.976533866958533	354.1506327678322	365.12716663479074
1.82	11.473761806096586	353.42103630236835	364.89479810846495
1.83	11.975133139059425	352.681312127159	364.65644526621844
1.84	12.480064582069234	351.9323932876662	364.4124578697354
1.85	12.987976416695094	351.1752100911548	364.1631865078499
1.86	13.498292910140744	350.41068921508634	363.9089821252271
1.87	14.010442731086686	349.6397528274398	363.65019555852643
1.88	14.52385936073555	348.86331772019156	363.38717708092713
1.89	15.037981498706527	348.08229445715824	363.12027595586477
1.9	15.552253463422387	347.2975865373683	362.84984000079066
1.91	16.066125586631124	346.51008957509333	362.57621516172446
1.92	16.579054601703643	345.72069049762445	362.2997450993281
1.93	17.090504025349222	344.9302667618361	362.0207707871853
1.94	17.59994453239169	344.13968559052864	361.73963012292035
1.95	18.106854323251522	343.3498032294909	361.4566575527424
1.96	18.610719483782315	342.5614642261663	361.1721837099486
1.97	19.111034337114223	341.7755007307532	360.88653506786744
1.98	19.607301787162417	340.99273182050496	360.60003360766734
1.99	20.099033653464723	340.21396284793894	360.3129965014037
2.0	20.585750997020064	339.4399848135973	360.02573581061733
2.01	21.066984436807537	338.6715737639387	359.7385582007462
2.02	21.542274456675393	337.90949021487586	359.45176467155125
2.03	22.011171702299304	337.1544786014067	359.16565030370606
2.04	22.473237267920595	336.4072667537203	358.8805040216409
2.05	22.928042972587132	335.6685654000937	358.5966083726808
2.06	23.37517162563245	334.9390676968294	358.31423932246184
2.07	23.814217281142458	334.2194487854169	358.03366606655936
2.08	24.24478548117336	333.51036537703834	357.7551508582117
2.09	24.666493487499658	332.8124553644758	357.4789488519755
2.1	25.07897050168673	332.1263374614135	357.20530796310027
2.11	25.481857873298743	331.45261086907203	356.93446874237077
2.12	25.874809296069454	330.7918549700495	356.6666642661189
2.13	26.257490991880548	330.14462904919327	356.40212004107383
2.14	26.629581882409703	329.5114720412687	356.1410539236784
2.15	26.990773748328387	328.8929023051423	355.88367605347065
2.16	27.34077137594729	328.2894174241498	355.6301888000971
2.17	27.679292691225566	327.70149403227157	355.3807867234972
2.18	28.0060688810781	327.1295876656984	355.1356565467765
2.19	28.320844501933397	326.57413263932955	354.894977141263
2.2	28.623377575512684	326.0355419477105	354.6589195232232
2.21	28.913439671818896	325.5142071898836	354.4276468617025
2.22	29.190815979342094	325.01049851759615	354.20131449693827
2.23	29.45530536250536	324.5247646062838	353.98006996878917
2.24	29.706720406392538	324.0573326482231	353.76405305461566
2.25	29.944887448816154	323.60850836722904	353.5533958160452
2.26	30.169646599800313	323.17857605425354	353.3482226540538
2.27	30.380851748569462	322.7677986232294	353.14865037179885
2.28	30.578370558149523	322.37641768649297	352.9547882446425
2.29	30.76208444770294	322.0046536491085	352.7667380968115
2.3	30.9318885627336	321.65270582141585	352.58459438414945
2.31	31.087691733311633	321.3207525491163	352.408444282428
2.32	31.229416420481158	321.0089513602155	352.23836778069665
2.33	31.356998651026878	320.7174391281404	352.0744377791673
2.34	31.47038794078719	320.4463322503567	351.9167201911439
2.35	31.569547206712915	320.19572684181543	351.76527404852834
2.36	31.65445266788116	319.9656989425692	351.62015161045036
2.37	31.725093735683885	319.7563047389084	351.48139847459225
2.38	31.781472893419778	319.5675807973789	351.3490536907987
2.39	31.823605565526567	319.39954431105883	351.2231498765854
2.4	31.85151997669869	319.2521933574839	351.1037133341826
2.41	31.865257001142208	319.1255071676316	350.9907641687738
2.42	31.86487000222536	319.01944640538693	350.8843164076123
2.43	31.8504246627887	318.933953456935	350.78437811972367
2.44	31.821998806383917	318.86895272954246	350.6909515359264
2.45	31.77968220971472	318.82435095921	350.60403316892473
2.46	31.723576406557	318.80003752669876	350.5236139332558
2.47	31.653794483438542	318.79588478145337	350.44967926489187
2.48	31.570460867361188	318.8117483729654	350.3822092403266
2.49	31.473711105850345	318.847467589142	350.32117869499234
2.5	31.3636916396181	318.90286570126426	350.26655734088234
2.51	31.2405595681273	318.9777503151415	350.21830988326883
2.52	31.10448240834435	319.0719137280876	350.17639613643195
2.53	30.95563784696852	319.18513329136516	350.14077113833366
2.54	30.794213486425217	319.3171717777627	350.11138526418796
2.55	30.620406584909862	319.46777775399033	350.0881843389002
2.56	30.434423790767962	319.63668595759475	350.07110974836274
2.57	30.236480871495466	319.823617678116	350.0600985496115
2.58	30.02680243764184	320.0282811422213	350.05508357986315
2.59	29.805621661896293	320.2503719025699	350.0559935644662
2.6	29.57317999363541	320.4895732301772	350.0627532238126
2.61	29.32972686920807	320.74555651006	350.07528337926806
2.62	29.07551941823102	321.01798163995886	350.0935010581899
2.63	28.81082216616579	321.30649743194493	350.1173195981107
2.64	28.535906733444854	321.6107420167307	350.14664875017553
2.65	28.251051531412287	321.9303432505124	350.1813947819247
2.66	27.956541455341053	322.2649191241839	350.221460579525
2.67	27.652667574786452	322.61407817476555	350.266745749552
2.68	27.339726821532228	322.97741989890244	350.31714672043466
2.69	27.01802167538313	323.35453516828943	350.3725568436726
2.7	26.687859848054902	323.7450066468861	350.432866494941
2.71	26.34955396541003	324.1484092097872	350.4979631751972
2.72	26.003421248285008	324.56431036361846	350.56773161190347
2.73	25.64978319215237	324.99227066832714	350.6420538604795
2.74	25.28896524585851	325.4318441602369	350.7208094060954
2.75	24.92129648967595	325.88257877623823	350.8038752659142
2.76	24.547109312906816	326.344016778981	350.89112609188777
2.77	24.166739091272337	326.8156951829344	350.98243427420675
2.78	23.7805238643214	327.29714618117686	351.0776700454983
2.79	23.388804013089743	327.78789757277207	351.1767015858618
2.8	22.991921938239837	328.28747319058357	351.27939512882335
2.81	22.5902217389104	328.79539332937384	351.3856150682842
2.82	22.184048892503263	329.31117517402697	351.4952240665302
2.83	21.77374993563453	329.83433322772663	351.6080831633612
2.84	21.35967214647606	330.36437973991315	351.72405188638925
2.85	20.942163228712744	330.90082513383487	351.8429883625476
2.86	20.521570997340426	331.4431784335002	351.9647494308406
2.87	20.098243066528962	331.99094768982684	352.0891907563558
2.88	19.672526539774548	332.54364040577553	352.21616694555007
2.89	19.24476770256511	333.100763960245	352.34553166281006
2.9	18.81531171778241	333.6618260304948	352.4771377482772
2.91	18.384502324064243	334.22633501285344	352.61083733691765
2.92	17.952681537349964	334.7938004414562	352.7464819788061
2.93	17.520189355832244	335.3637334047499	352.8839227605821
2.94	17.08736346853784	335.935646959489	353.02301042802685
2.95	16.654538967759628	336.50905654193934	353.16359550969895
2.96	16.222048065561836	337.0834803759934	353.3055284415553
2.97	15.790219814579771	337.6584398778958	353.44865969247553
2.98	15.359379833334526	338.2334600572628	353.5928398905973
2.99	14.929850036282357	338.8080699140771	353.73791995035947
3.0	14.501948368817144	339.3818028313262	353.8837512001433
3.01	14.075988547443016	339.95419696294755	354.03018551039054
3.02	13.652279805332576	340.52479561673755	354.1770754220701
3.03	13.231126643484178	341.0931476318725	354.3242742753567
3.04	12.812828587689449	341.65880775068774	354.47163633837715
3.05	12.397679951519663	342.22133698435425	354.6190169358739
3.06	11.985969605536566	342.78030297208977	354.76627257762635
3.07	11.577980752929912	343.33528033353826	354.91326108646814
3.08	11.17399071178023	343.8858510139504	355.0598417257306
3.09	10.774270704141134	344.4316046217967	355.2058753259378
3.1	10.379085652130923	344.9721387584458	355.3512244105767
3.11	9.98869398121814	345.5070593395411	355.49575332075926
3.12	9.603347430880293	346.0359809077133	355.6393283385936
3.13	9.223290872808981	346.55852693626724	355.7818178090762
3.14	8.848762136828228	347.07433012348974	355.92309226031796
3.15	8.479991844686008	347.583032677228	356.06302452191403
3.16	8.117203251871585	348.08428658939727	356.2014898412689
3.17	7.760612097603466	348.57775390008305	356.3383659976865
3.18	7.410426463124629	349.0631069509142	356.4735334140388
3.19	7.066846638432919	349.54002862739185	356.6068752658248
3.2	6.730064997565477	350.0082125898719	356.7382775874374
3.21	6.400265882546526	350.4673634929092	356.86762937545575
3.22	6.077625496097988	350.9171971926887	356.99482268878666
3.23	5.762311803202111	351.35744094227795	357.11975274548007
3.24	5.4544844415946985	351.7878335744561	357.2423180160508
3.25	5.154294641256614	352.20812567188614	357.36242031314276
3.26	4.861885152960004	352.61807972441676	357.4799648773768
3.27	4.57739018591421	353.0174702733171	357.5948604592313
3.28	4.300935354544631	353.4060840422651	357.70701939680976
3.29	4.032637634425879	353.7837200549317	357.8163576893575
3.3	3.7726053273784936	354.1501897390187	357.9227950663972
3.31	3.5209380357262763	354.5053170166332	358.0262550523595
3.32	3.2777266456989955	354.84893838089687	358.1266650265959
3.33	3.0430533199528513	355.1809029587134	358.22395627866626
3.34	2.8169914991687084	355.5010725596363	358.318064058805
3.35	2.599605912675719	355.8093217108017	358.40892762347744
3.36	2.390952598035658	356.1055376779115	358.49649027594717
3.37	2.191078929511045	356.3896204722755	358.58069940178655
3.38	2.0000236553280346	356.6614828439407	358.66150649926874
3.39	1.8178169436330893	356.92105026096027	358.73886720459336
3.4	1.6444804370307278	357.168260874874	358.8127413119048
3.41	1.4800273155780925	357.40306547249514	358.8830927880732
3.42	1.3244623681008267	357.62542741411823	358.94988978221903
3.43	1.1777820716837877	357.83532255828635	359.01310462997014
3.44	1.0399746791794628	358.03273917327283	359.0727138524523
3.45	0.9110203145666659	358.2176778354565	359.1286981500232
3.46	0.7908910759821571	358.3901513147873	359.1810423907695
3.47	0.6795511462383161	358.55018444755854	359.2297355937969
3.48	0.576956910630885	358.697813996722	359.2747709073529
3.49	0.483057081832142	358.8330884999995	359.3161455818317
3.5	0.39779283165666585	358.95606810606205	359.3538609377187
3.51	0.3210979294791198	359.06682439906467	359.38792232854377
3.52	0.25289888707625563	359.16544021184257	359.4183390989188
3.53	0.19311510965859613	359.2520094280879	359.4451245377465
3.54	0.1416590528510341	359.32663677384227	359.46829582669335
3.55	0.09843638537587811	359.3894375986546	359.48787398403044
3.56	0.06334615718669077	359.4405376467658	359.5038838039525
3.57	0.03628097279660981	359.4800728186958	359.5163537914924
3.58	0.01712716954071011	359.50818892361883	359.5253160931595
3.59	0.005765000508363646	359.5250414229236	359.530806423432
3.6	0.0020688218784722574	359.530795165368	359.53286398724646
3.61	0.005907284387889785	359.52562411424725	359.53153139863514
3.62	0.01714352866132365	359.509711066995	359.52685459565635
3.63	0.035635384129463495	359.48324736760685	359.5188827517363
3.64	0.06123557126098151	359.4464326124075	359.50766818366844
3.65	0.09379190683354073	359.3994743495635	359.493266256397
3.66	0.13314751196887636	359.3425877727799	359.4757352847488
3.67	0.1791410226573869	359.2759954096412	359.45513643229856
3.68	0.23160680249850163	359.19992680505123	359.43153360754974
3.69	0.2903751573843552	359.1146182002294	359.40499335761376
3.7	0.355272551855984	359.0203122077202	359.3755847595762
3.71	0.4261218268633427	358.91725748287456	359.34337930973794
3.72	0.5027424186629115	358.80570839226107	359.30845081092394
3.73	0.5849505785895021	358.6859246794632	359.2708752580527
3.74	0.6725595934420626	358.55817112871733	359.2307307221594
3.75	0.7653800062268004	358.422717226843	359.1880972330698
3.76	0.8632198370047829	358.27983682391334	359.14305666091815
3.77	0.9658848035953082	358.12980779310993	359.09569259670525
3.78	1.0731785418907496	357.9729116902005	359.0460902320912
3.79	1.1849028255432514	357.80943341307244	358.9943362386157
3.8	1.3008577847885698	357.63966086174963	358.9405186465382
3.81	1.4208421241774856	357.4638845993113	358.88472672348877
3.82	1.5446533389905712	357.2823975141257	358.8270508531163
3.83	1.6720879301176235	357.0954944838028	358.76758241392037
3.84	1.8029416171887829	356.9034720412604	358.70641365844915
3.85	1.937009549750229	356.706628043291	358.64363759304126
3.86	2.0740865162833417	356.50526134200436	358.5793478582877
3.87	2.213967150872351	356.29967145951235	358.5136386103847
3.88	2.356446137331737	356.09015826621214	358.44660440354386
3.89	2.501318410610976	355.8770216630108	358.3783400736218
3.9	2.648379355300636	355.66056126782536	358.308940623126
3.91	2.7974250010703225	355.4410761066787	358.238501107749
3.92	2.948252214875498	355.21886430970096	358.16711652457644
3.93	3.10065888977678	354.9942228123328	358.09488170210955
3.94	3.254444130221936	354.76744706201447	358.0218911922364
3.95	3.4094084336474166	354.5388307306327	357.94823916428015
3.96	3.5653538682629025	354.30866543298265	357.8740193012456
3.97	3.722084246888977	354.07724045149126	357.79932469838025
3.98	3.8794052967246584	353.8448424674328	357.72424776415744
3.99	4.037124824928123	353.6117552988558	357.64888012378395
4.0	4.195052879900529	353.3782596454266	357.5733125253272
4.01	4.353001908169373	353.14463284038055	357.49763474854996
4.02	4.510786906774333	352.9111486097595	357.42193551653384
4.03	4.668225571064936	352.6780768391009	357.34630241016583
4.04	4.825138437825837	352.44568334772924	357.2708217855551
4.05	4.981349023651761	352.2142296707884	357.1955786944402
4.06	5.136683958500444	351.9839728491406	357.12065680764107
4.07	5.290973114358046	351.75516522724257	357.0461383416006
4.08	5.444049728957658	351.5280542591003	356.97210398805794
4.09	5.595750524497491	351.302882322387	356.89863284688454
4.1	5.745915821311277	351.07988654079963	356.82580236211095
4.11	5.894389646449268	350.8592986147152	356.7536882611645
4.12	6.041019837133936	350.641344660197	356.6823644973309
4.13	6.185658139060132	350.426245056389	356.61190319544914
4.14	6.328160299515031	350.21421430132466	356.5423746008397
4.15	6.468386155298607	350.0054608761658	356.4738470314644
4.16	6.606199715430762	349.8001871178759	356.40638683330667
4.17	6.741469238636461	349.59858910032256	356.340058338959
4.18	6.874067305605366	349.40085652379133	356.2749238293967
4.19	7.003870886027499	349.20717261288615	356.2110434989137
4.2	7.130761400411412	349.0177140227802	356.1484754231916
4.21	7.254624776696122	348.8326507537712	356.08727553046737
4.22	7.37535150167284	348.6521460740888	356.0274975757617
4.23	7.492836667237087	348.4763564508903	355.9691931181274
4.24	7.606980011496325	348.3054314893744	355.91241150087075
4.25	7.717685954762608	348.13951387993535	355.85719983469795
4.26	7.824863630464068	347.97873935326976	355.8036029837338
4.27	7.928426911013224	347.823236643345	355.75166355435823
4.28	8.028294428674192	347.6731274581283	355.70142188680245
4.29	8.124389591474847	347.5285264579698	355.6529160494446
4.3	8.216640594213874	347.389541241529	355.60618183574286
4.31	8.304980424616422	347.2562723391248	355.5612527637412
4.32	8.389346864695712	347.1288132133867	355.5181600780824
4.33	8.469682487381595	347.00725026707875	355.47693275446034
4.34	8.545934648480452	346.89166285796193	355.4375975064424
4.35	8.618055474034271	346.7821233205592	355.40017879459344
4.36	8.68600184314997	346.6786969946793	355.3646988378292
4.37	8.749735366373255	346.5814422605551	355.33117762692837
4.38	8.809222359684364	346.490410580447	355.29963294013135
4.39	8.864433814196069	346.40564654655816	355.2700803607542
4.4	8.915345361637188	346.32718793510685	355.24253329674406
4.41	8.961937235707703	346.2550657663972	355.2170030021049
4.42	9.004194229394235	346.1893043707274	355.19349860012164
4.43	9.04210564833736	346.1299214599726	355.17202710831
4.44	9.075665260344666	346.0769282046762	355.15259346502086
4.45	9.104871241145975	346.03032931648386	355.13520055762984
4.46	9.129726116489516	345.9901231357501	355.1198492522396
4.47	9.150236700680022	345.95630172414775	355.10653842482776
4.48	9.166414031661981	345.92885096210875	355.09526499377074
4.49	9.178273302753313	345.90775065092305	355.0860239536764
4.5	9.185833791136742	345.89297461932233	355.0788084104591
4.51	9.18911878321801	345.8844908343738	355.0736096175918
4.52	9.188155496961937	345.88226151650906	355.070417013471
4.53	9.182975001318978	345.8862432585123	355.06921825983125
4.54	9.173612132856585	345.89638714829124	355.06999928114783
4.55	9.160105409711186	345.91263889525584	355.07274430496705
4.56	9.142496942978015	345.93493896012643	355.07743590310446
4.57	9.120832345657329	345.9632226879968	355.0840550336541
4.58	9.095160639276816	345.99742044447424	355.09258108375104
4.59	9.065534158311063	346.0374577547214	355.1029919130325
4.6	9.03200845251997	346.0832554452241	355.1152638977441
4.61	8.994642187328937	346.134729788109	355.1293719754379
4.62	8.953497042374444	346.1917926478368	355.1452896902112
4.63	8.908637608339236	346.2543516300972	355.1629892384364
4.64	8.86013128220207	346.32231023273056	355.18244151493263
4.65	8.808048161027257	346.39556799850516	355.20361615953243
4.66	8.752460934419712	346.474020669577	355.22648160399666
4.67	8.693444775771379	346.5575603434615	355.2510051192329
4.68	8.631077232424992	346.6460756303481	355.2771528627731
4.69	8.565438114881188	346.73945181158734	355.30488992646855
4.7	8.496609385174722	346.8375709991846	355.33418038435934
4.71	8.424675044545408	346.9403122961335	355.36498734067897
4.72	8.349721020528875	347.0475519574245	355.3972729779534
4.73	8.271835053591808	347.159163551565	355.4309986051568
4.74	8.191106583435612	347.27501812245015	355.46612470588576
4.75	8.107626635091709	347.39498435142417	355.5026109865159
4.76	8.021487704930726	347.51892871937304	355.54041642430377
4.77	7.932783646706777	347.64671566869384	355.57949931540065
4.78	7.841609557756901	347.7782077649856	355.61981732274256
4.79	7.74806166547437	347.91326585830944	355.66132752378377
4.8	7.652237214173144	348.0517492438679	355.7039864580411
4.81	7.554234352459195	348.1935158219567	355.7477501744159
4.82	7.454152021222701	348.33842225704177	355.79257427826445
4.83	7.352089842363274	348.4863241358203	355.8384139781836
4.84	7.248148008358473	348.6370761241247	355.8852241324832
4.85	7.142427172783714	348.7905321225316	355.9329592953153
4.86	7.03502834188953	348.9465454205418	355.9815737624313
4.87	6.9260527673398	349.1049688491982	356.031021616538
4.88	6.815601840212131	349.26565493201394	356.0812567722261
4.89	6.703776986359025	349.42845603408296	356.132233020442
4.9	6.5906795632258275	349.5932245092522	356.183904072478
4.91	6.476410758218656	349.75981284523425	356.2362236034529
4.92	6.361071488712698	349.9280738065454	356.2891452952581
4.93	6.24476230378826	350.0978605751553	356.3426228789436
4.94	6.127583287778954	350.2690268887401	356.396610176519
4.95	6.009633965713237	350.44142717643166	356.45106114214485
4.96	5.89101321072734	350.61491669196323	356.5059299026905
4.97	5.77181915352431	350.78935164411075	356.5611707976351
4.98	5.652149093950584	350.9645893243373	356.61673841828787
4.99	5.53209941475803	351.1404882315483	356.67258764630634
5.0	5.411765497615999	351.31690819387296	356.72867369148895
5.01	5.291241641434353	351.4937104873867	356.78495212882103
5.02	5.170620983054899	351.67075795169785	356.84137893475275
5.03	5.049995420365053	351.84791510232316	356.8979105226882
5.04	4.929455537883939	352.0250482397814	356.95450377766537
5.05	4.809090534867448	352.20202555533933	357.01111609020677
5.06	4.688988155975152	352.378717233347	357.06770538932216
5.07	4.569234624538238	352.5549955501054	357.1242301746436
5.08	4.449914578463998	352.7307349692115	357.1806495476755
5.09	4.331111008808668	352.9058122333322	357.23692324214085
5.1	4.212905201046791	353.0801064523608	357.2930116534076
5.11	4.09537667906157	353.253499187916	357.3488758669776
5.12	3.978603151877086	353.42587453414575	357.40447768602286
5.13	3.8626604631495955	353.5971191948035	357.4597796579531
5.14	3.7476225434315884	353.7671225565688	357.51474510000037
5.15	3.6335613652187084	353.93577675858785	357.5693381238065
5.16	3.5205469007861736	354.1029767582137	357.6235236589999
5.17	3.4086470828178568	354.268620392931	357.6772674757488
5.18	3.297927767827816	354.4326084384526	357.73053620628036
5.19	3.188452702370708	354.59484466298153	357.78329736535227
5.2	3.080283492034266	354.75523587763405	357.8355193696683
5.21	2.9734795732037935	354.91369198302397	357.88717155622777
5.22	2.8680981875855123	355.0701260120141	357.93822419959963
5.23	2.764194359472529	355.22445416864144	357.98864852811397
5.24	2.6618208757342035	355.37659586322957	358.03841673896375
5.25	2.5610282685068113	355.526473743704	358.08750201221085
5.26	2.4618648005605603	355.67401372313014	358.1358785236907
5.27	2.364376453315305	355.8191450034971	358.1835214568124
5.28	2.2686069174746497	355.9618000957757	358.2304070132503
5.29	2.17459758624559	356.10191483627926	358.2765124225249
5.3	2.082387551108374	356.2394283993639	358.3218159504723
5.31	1.9920136000989082	356.3742833065032	358.3662969066021
5.32	1.9035102185637667	356.50642543178026	358.40993565034404
5.33	1.8169095923456748	356.63580400384024	358.4527135961859
5.34	1.7322416133552807	356.76237160435073	358.494613217706
5.35	1.6495338874830405	356.88608416302014	358.5356180505032
5.36	1.5688117448031635	357.0069009492283	358.5757126940315
5.37	1.4900982520197847	357.1247845603241	358.61488281234386
5.38	1.413414227103845	357.2397009066502	358.6531151337541
5.39	1.3387782560675732	357.3516191933566	358.69039744942415
5.4	1.2662067118219784	357.46051189906575	358.72671861088776
5.41	1.1957137750613591	357.56635475145885	358.7620685265202
5.42	1.1273114571175493	357.6691266998494	358.796438156967
5.43	1.0610096247254113	357.7688098848182	358.82981950954365
5.44	0.9968160266399771	357.8653896049816	358.8622056316216
5.45	0.9347363220446291	357.9588542809699	358.8935906030145
5.46	0.8747741106887786	358.0491954166936	358.9239695273823
5.47	0.8169309646926707	358.13640755797667	358.95333852266936
5.48	0.761206461956195	358.22048824863936	358.98169471059555
5.49	0.7075982211079229	358.3014379841123	359.0090362052202
5.5	0.656101937930016	358.37926016266834	359.0353621005984
5.51	0.6067114231941609	358.45396103435723	359.0606724575514
5.52	0.5594186418432757	358.5255496477311	359.0849682895744
5.53	0.5142137534534034	358.59403779444983	359.10825154790325
5.54	0.4710851539099591	358.6594399518561	359.1305251057661
5.55	0.4300195182323201	358.7217732236114	359.15179274184374
5.56	0.3910018444806513	358.78105727848526	359.17205912296595
5.57	0.35401549867882903	358.83731428738986	359.1913297860687
5.58	0.3190422606873718	358.8905688587547	359.2096111194421
5.59	0.28606237096039794	358.94084797233495	359.22691034329534
5.6	0.2550545781208108	358.98818091154817	359.243235489669
5.61	0.22599618728815746	359.03259919443565	359.2585953817238
5.62	0.19886310909391458	359.0741365033422	359.2729996124361
5.63	0.17362990931932637	359.11282861341226	359.2864585227316
5.64	0.15026985909134868	359.1487133199964	359.29898317908777
5.65	0.12875498557274218	359.1818303650652	359.31058535063795
5.66	0.10905612308290039	359.212221362726	359.3212774858089
5.67	0.09114296458659908	359.2399297239382	359.3310726885248
5.68	0.07498411348850308	359.26500058052227	359.3399846940108
5.69	0.06054713567197069	359.2874807085579	359.3480278442299
5.7	0.04779861172144788	359.3074184512647	359.3552170629862
5.71	0.03670418926854414	359.3248636414609	359.3615678307295
5.72	0.027228635402729254	359.3398675236914	359.3670961590941
5.73	0.01933588908848104	359.3524826761188	359.37181856520726
5.74	0.012989113531649407	359.3627629322684	359.3757520458001
5.75	0.008150748438778414	359.3707633027176	359.37891405115636
5.76	0.004782562114142017	359.37653989681075	359.3813224589249
5.77	0.0028457033402638733	359.3801498444684	359.38299554780866
5.78	0.002300752988811327	359.381651218278	359.3839519712668
5.79	0.0031077753100036084	359.3811029558242	359.38421073113415
5.8	0.005226368849728903	359.3785647824095	359.3837911512593
5.81	0.008615716944743305	359.37409713417753	359.3827128511223
5.82	0.013234637747569064	359.3677610820173	359.3809957197648
5.83	0.019041633734114532	359.3596182559054	359.3786598896395
5.84	0.025994940648162764	359.3497307698977	359.3757257105459
5.85	0.034052575838165705	359.33816114795474	359.3722137237929
5.86	0.043172385943200706	359.3249722506134	359.3681446365567
5.87	0.05331209388631485	359.31022720257835	359.3635392964647
5.88	0.06442934513487966	359.293989321301	359.3584186664359
5.89	0.07648175318899936	359.276322046616	359.352803799805
5.9	0.08942694426045832	359.2572888714983	359.3467158157587
5.91	0.10322260110615651	359.2369532740052	359.34017587511136
5.92	0.11782650598146394	359.21537865046383	359.3332051564453
5.93	0.13319658268042595	359.192628249962	359.3258248326424
5.94	0.1492909376312683	359.1687651101992	359.3180560478305
5.95	0.1660679000171838	359.1438519947509	359.30991989476803
5.96	0.1834860608939294	359.1179513317965	359.30143739269045
5.97	0.20150431127732216	359.09112515436146	359.2926294656388
5.98	0.22008187917529415	359.0634350421169	359.28351692129223
5.99	0.23917836554074817	359.03494206478194	359.2741204303227
6.0	0.25875377912304554	359.0057067271688	359.26446050629187
6.01	0.2787685701975558	358.97578891590854	359.2545574861061
6.02	0.29918366315430134	358.9452478478929	359.2444315110472
6.03	0.31996048792833715	358.91414202046514	359.2341025083935
6.04	0.3410610102561182	358.88252916338905	359.22359017364516
6.05	0.3624477607437167	358.8504661926242	359.21291395336794
6.06	0.38408386273436496	358.8180091659312	359.20209302866556
6.07	0.4059330589644082	358.78521324032874	359.19114629929317
6.08	0.4279597369983574	358.75213263142234	359.1800923684207
6.09	0.45012895343533377	358.71882057461903	359.1689495280543
6.1	0.4724064568807884	358.68532928824374	359.1577357451245
6.11	0.49475870967896624	358.65170993856697	359.1464686482459
6.12	0.5171529084031562	358.6180126067517	359.1351655151548
6.13	0.5395570031023315	358.58428625772586	359.1238432608282
6.14	0.561939715304329	358.55057871098285	359.1125184262872
6.15	0.5842705547772487	358.5169366133096	359.10120716808683
6.16	0.6065198350522628	358.4834054134412	359.08992524849344
6.17	0.6286586877125189	358.4500293386358	359.0786880263483
6.18	0.6506590754542861	358.41685137316335	359.06751044861767
6.19	0.6724938039279432	358.38391323869786	359.0564070426258
6.2	0.6941365323678181	358.3512553766005	359.04539190896827
6.21	0.7155617830212874	358.3189169320798	359.0344787151011
6.22	0.7367449493888963	358.2869357402113	359.02368068960016
6.23	0.757662303288596	358.2553483137971	359.01301061708574
6.24	0.778291000758482	358.2241898330449	359.00248083380336
6.25	0.7986090868136893	358.19349413704157	358.9921032238553
6.26	0.8185954990743105	358.1632937169971	358.9818892160714
6.27	0.8382300702824036	358.13361971122976	358.97184978151216
6.28	0.8574935297272909	358.1045019018639	358.9619954315912
6.29	0.876367503599465	358.0759687132089	358.95233621680836
6.3	0.8948345142944757	358.04804721178516	358.94288172607963
6.31	0.9128779786891916	358.02076310796326	358.9336410866525
6.32	0.9304822054138056	357.9941407591792	358.92462296459297
6.33	0.9476323911438729	357.9682031746873	358.9158355658312
6.34	0.9643146159375522	357.94297202181264	358.9072866377502
6.35	0.9805158376440396	357.9184676336599	358.89898347130395
6.36	0.9962238854099603	357.8947090182385	358.89093290364843
6.37	1.0114274523112015	357.8717138689597	358.8831413212709
6.38	1.0261160871383332	357.8494985764615	358.87561466359983
6.39	1.0402801853643735	357.8280782417157	358.86835842708
6.4	1.0539109793242045	357.8074666903712	358.8613776696954
6.41	1.0670005276354508	357.78767648828665	358.8546770159221
6.42	1.0795417038910642	357.768718958204	358.848260662095
6.43	1.091528184654251	357.750604197515	358.8421323821692
6.44	1.1029544367867121	357.7333410970726	358.8362955338593
6.45	1.1138157041414343	357.7169373609969	358.8307530651383
6.46	1.1241079936515066	357.70139952742625	358.8255075210778
6.47	1.1338280608466	357.6867329901651	358.82056105101174
6.48	1.1429733948288654	357.6729420211767	358.81591541600557
6.49	1.1515422027400724	357.6600297938724	358.8115719966125
6.5	1.1595333937518257	357.647998407147	358.8075318008988
6.51	1.1669465626106508	357.6368489101098	358.8037954727205
6.52	1.1737819727696497	357.62658132746344	358.8003633002331
6.53	1.180040539138285	357.6171946854788	358.7972352246171
6.54	1.1857238104816517	357.6086870385194	358.79441084900105
6.55	1.1908339515003483	357.60105549606516	358.7918894475655
6.56	1.195373724621769	357.5942962501881	358.7896699748099
6.57	1.1993464715332873	357.5884046034328	358.78775107496614
6.58	1.2027560944874225	357.58337499705425	358.7861310915417
6.59	1.2056070374086507	357.57920103956764	358.7848080769763
6.6	1.2079042668310527	357.5758755355645	358.78377980239554
6.61	1.209653252695496	357.57339051475117	358.7830437674467
6.62	1.2108599490345142	357.5717372611659	358.7825972102004
6.63	1.2115307745724893	357.57090634253143	358.78243711710394
6.64	1.2116725932681551	357.5708876397034	358.78256023297155
6.65	1.2112926948258362	357.57167037617126	358.7829630709971
6.66	1.2103987752011995	357.5732431475749	358.7836419227761
6.67	1.2089989171266506	357.5755939511965	358.7845928683231
6.68	1.207101570680824	357.5787102153911	358.7858117860719
6.69	1.2047155339259226	357.58257882891996	358.7872943628459
6.7	1.2018499336359434	357.5871861701503	358.78903610378626
6.71	1.19851420613807	357.5925181360886	358.7910323422267
6.72	1.1947180782887552	357.59856017121416	358.7932782495029
6.73	1.1904715486052173	357.6052972960811	358.79576884468634
6.74	1.1857848685722565	357.6127141356591	358.7984990042313
6.75	1.1806685241434731	357.62079494738276	358.80146347152623
6.76	1.1751332174551115	357.6295236488833	358.80465686633846
6.77	1.169189848769907	357.6388838453748	358.8080736941447
6.78	1.162849498667447	357.6488588566705	358.81170835533794
6.79	1.1561234104967049	357.6594317438063	358.815555154303
6.8	1.1490229731055657	357.67058533524767	358.8196083083532
6.81	1.141559703861323	357.68230225265984	358.82386195652117
6.82	1.133745231975332	357.6945649362219	358.8283101681973
6.83	1.125591282144215	357.7073556694657	358.8329469516099
6.84	1.117109658519254	357.72065660362233	358.8377662621416
6.85	1.1083122290148821	357.734449781461	358.8427620104759
6.86	1.099210909966473	357.74871716060426	358.84792807057073
6.87	1.0898176511469246	357.76344063630603	358.85325828745295
6.88	1.0801444211508706	357.77860206367984	358.8587464848307
6.89	1.070203193154668	357.79418327936486	358.8643864725195
6.9	1.0600059310596366	357.81016612261845	358.8701720536781
6.91	1.0495645760253518	357.82653245582594	358.8760970318513
6.92	1.0388910333991028	357.8432641844176	358.8821552178167
6.93	1.0279971600469284	357.86034327618523	358.88834043623217
6.94	1.0168947520909373	357.8777517799911	358.89464653208205
6.95	1.0055955330569073	357.8954718438625	358.90106737691934
6.96	0.9941111424354389	357.9134857324675	358.90759687490294
6.97	0.9824531246592307	357.931775843968	358.91422896862724
6.98	0.9706329184983583	357.95032472624575	358.9209576447441
6.99	0.9586618468747573	357.9691150925011	358.92777693937586
7.0	0.9465511070964938	357.98812983622247	358.93468094331894
7.01	0.9343117615118028	358.00735204552694	358.94166380703876
7.02	0.9219547285823445	358.02676501687284	358.94871974545515
7.03	0.9094907743746363	358.046352268146	358.95584304252066
7.04	0.8969305044681911	358.06609755112265	358.9630280555908
7.05	0.8842843562785077	358.08598486331084	358.97026921958934
7.06	0.8715625917927304	358.1059984591756	358.97756105096835
7.07	0.8587752907154934	358.12612286075034	358.9848981514658
7.08	0.8459323440221939	358.14634286763976	358.99227521166193
7.09	0.8330434479166816	358.16664356641877	358.99968701433545
7.1	0.8201180981900885	358.18701033943216	359.0071284376222
7.11	0.8071655849772468	358.20742887299997	359.0145944579772
7.12	0.7941949879068476	358.2278851650348	359.02208015294167
7.13	0.7812151716411562	358.2483655320766	359.0295807037178
7.14	0.7682347818007296	358.26885661575034	359.0370913975511
7.15	0.7552622412691801	358.28934538865474	359.0446076299239
7.16	0.742305746872584	358.30981915968823	359.05212490656083
7.17	0.7293732664276805	358.33026557882044	359.0596388452481
7.18	0.7164725361525366	358.3506726413181	359.06714517747065
7.19	0.7036110584328973	358.3710286914347	359.0746397498676
7.2	0.6907960999370099	358.3913224255734	359.0821185255104
7.21	0.6780346900713319	358.4115428949359	359.08957758500725
7.22	0.6653336197692105	358.4316795076667	359.0970131274359
7.23	0.6526994406043806	358.45172203050606	359.1044214711104
7.24	0.6401384642209764	358.47166058996464	359.1117990541856
7.25	0.6276567620716765	358.4914856730314	359.1191424351031
7.26	0.6152601654556247	358.51118812742885	359.1264482928845
7.27	0.6029542658478495	358.53075916142836	359.1337134272762
7.28	0.5907444155120521	358.5501903432374	359.14093475874944
7.29	0.578635728388799	358.56947359997275	359.14810932836156
7.3	0.5666330812513362	358.58860121623013	359.15523429748146
7.31	0.554741115121399	358.6075658322622	359.1623069473836
7.32	0.5429642369374946	358.6263604417771	359.1693246787146
7.33	0.5313066214681762	358.6449783893665	359.17628501083465
7.34	0.5197722134627769	358.6634133675755	359.1831855810383
7.35	0.5083647300319268	358.68165941362406	359.190024143656
7.36	0.4970876632499353	358.6997109057907	359.19679856904065
7.37	0.4859442829707931	358.7175625594704	359.2035068424412
7.38	0.474937639849153	358.7352094229171	359.2101470627662
7.39	0.4640705685571997	358.75264687268395	359.2167174412412
7.4	0.4533456911878692	358.7698706087743	359.2232162999622
7.41	0.4427654208344358	358.7868766495164	359.22964207035085
7.42	0.43233196533610224	358.8036613261777	359.2359932915138
7.43	0.42204733117893134	358.8202212773337	359.24226860851263
7.44	0.41191332754126886	358.8365534430078	359.24846677054904
7.45	0.4019315704727534	358.8526550585986	359.25458662907135
7.46	0.39210348719609317	358.8685236486126	359.2606271358087
7.47	0.38243032052101755	358.8841570202184	359.2665873407395
7.48	0.3729131333601662	358.8995532566396	359.27246638999975
7.49	0.36355281333714623	358.9147107104019	359.27826352373904
7.5	0.3543500774775365	358.9296279964516	359.2839780739291
7.51	0.3453054769742136	358.94430398515846	359.28960946213266
7.52	0.3364194020189805	358.9587377952169	359.2951571972359
7.53	0.3276920866930566	358.9729287864582	359.3006208731513
7.54	0.3191236139095012	358.9868765525854	359.30600016649487
7.55	0.31071392040106005	359.00058091384096	359.31129483424206
7.56	0.3024628017472249	359.0140419096187	359.3165047113659
7.57	0.29436991743446295	359.0272597910257	359.3216297084602
7.58	0.2864347959436003	359.0402350134081	359.3266698093517
7.59	0.2786568398582432	359.05296822884446	359.3316250687027
7.6	0.2710353309879001	359.06546027862004	359.33649560960794
7.61	0.26356943549915957	359.0777121856894	359.34128162118856
7.62	0.2562582090479069	359.08972514713753	359.3459833561854
7.63	0.24910060190517175	359.1015005266525	359.3506011285577
7.64	0.24209546406881716	359.1130398470205	359.3551353110893
7.65	0.2352415503529578	359.12434478265675	359.3595863330097
7.66	0.22853752544675743	359.13541715218645	359.3639546776332
7.67	0.22198196893414168	359.1462589110904	359.36824088002453
7.68	0.2155733802659896	359.1568721444307	359.3724455246967
7.69	0.20931018367655785	359.16725905967314	359.3765692433497
7.7	0.20319073303624746	359.1774219796228	359.38061271265906
7.71	0.19721331663334452	359.18736333548895	359.3845766521223
7.72	0.19137616187803969	359.19708566009604	359.3884618219741
7.73	0.18567743992283692	359.20659158125636	359.39226902117923
7.74	0.18011527019437065	359.2158838153187	359.3959990855131
7.75	0.17468772483262945	359.2249651609073	359.39965288573995
7.76	0.16939283303459368	359.23383849286324	359.4032313258978
7.77	0.16422858530029522	359.24250675640013	359.4067353417004
7.78	0.15919293758025901	359.25097296148493	359.4101658990652
7.79	0.1542838153241511	359.259240177453	359.41352399277713
7.8	0.14949911743120214	359.26731152786743	359.41681064529865
7.81	0.14483672010357565	359.2751901856309	359.42002690573446
7.82	0.14029448060428457	359.2828793683588	359.42317384896313
7.83	0.13587024092152314	359.2903823340236	359.4262525749451
7.84	0.13156183134137422	359.2977023768792	359.42926420822056
7.85	0.12736707393078867	359.30484282367763	359.4322098976084
7.86	0.123283785932535	359.3118070301903	359.43509081612285
7.87	0.11930978307352096	359.3185983780491	359.43790816112266
7.88	0.11544288278752862	359.32522027192397	359.4406631547115
7.89	0.11168090735303575	359.3316761370581	359.44335704441113
7.9	0.10802168694646036	359.3379694171833	359.44599110412975
7.91	0.10446306261091998	359.34410357284406	359.448566635455
7.92	0.101002889140485	359.3500820801603	359.4510849693008
7.93	0.09763903787997155	359.355908430065	359.45354746794504
7.94	0.09436939944059523	359.36158612805644	359.45595552749705
7.95	0.09119188633231516	359.3671186945057	359.45831058083803
7.96	0.08810443551444824	359.3725096655676	359.46061410108206
7.97	0.0851050108671182	359.377762594739	359.46286760560616
7.98	0.08219160558730541	359.3828810551247	359.465072660712
7.99	0.07936224451464415	359.38786864247294	359.4672308869876
8.0	0.0766149863936302	359.3927289790235	359.4693439654172
8.01	0.07394792608049557	359.3974657182537	359.4714136443342
8.02	0.07135919670461778	359.4020825505847	359.4734417472893
8.03	0.06884697179589744	359.4065832101211	359.475430181917
8.04	0.06640946739099911	359.4109714825238	359.4773809499148
8.05	0.06404494413265621	359.41525121408165	359.4792961582143
8.06	0.061751709377350014	359.41942632209407	359.4811780314715
8.07	0.05952811932756282	359.4235008066715	359.48302892599906
8.08	0.05737258120547113	359.42747876407515	359.4848513452806
8.09	0.05528355548540408	359.4313644017332	359.4866479572186
8.1	0.05325955820268311	359.4351620550854	359.4884216132881
8.11	0.0512991633566392	359.43887620642374	359.4901753697804
8.12	0.04940100542574579	359.4425115059138	359.49191251133954
8.13	0.04756378201299145	359.4460727949983	359.4936365770113
8.14	0.04578625663993437	359.4495651324133	359.4953513890532
8.15	0.04406726170841898	359.4529938230771	359.4970610847855
8.16	0.04240570164977774	359.4563644501042	359.498770151754
8.17	0.04080055628255551	359.4596829102695	359.50048346655205
8.18	0.03925088440143072	359.4629554532861	359.50220633768754
8.19	0.037755827622091315	359.4661887252938	359.5039445529159
8.2	0.03631461450935144	359.4693898169378	359.50570443144716
8.21	0.03492656501873531	359.47256631645126	359.50749288147
8.22	0.03359109528504598	359.4757263682237	359.5093174635088
8.23	0.03230772279501092	359.47887873742843	359.5111864602234
8.24	0.031076071984874276	359.48203288123955	359.51310895322445
8.25	0.02989588030771191	359.48519902730914	359.51509490761686
8.26	0.028767004819194242	359.48838826023854	359.51715526505774
8.27	0.027689429334434367	359.49161261674993	359.51930204608436
8.28	0.026663272212385722	359.4948851904293	359.52154846264165
8.29	0.025688794827992346	359.4982202469217	359.5239090417497
8.3	0.02476641079598288	359.5016333505439	359.52639976133986
8.31	0.023896696013902912	359.5051415034092	359.52903819942316
8.32	0.023080399595817157	359.5087632982108	359.5318436978066
8.33	0.02231845577225898	359.5125190860128	359.534837541785
8.34	0.021611996836624625	359.5164311604987	359.5380431573353
8.35	0.020962367223477666	359.52052396025505	359.54148632747854
8.36	0.02037113881034479	359.52482429081346	359.5451954296238
8.37	0.019840127541721566	359.5293615683604	359.5492016959021
8.38	0.019371411482322375	359.5341680871535	359.5535394986358
8.39	0.01896735041625029	359.5392793127883	359.55824666320456
8.4	0.018630607119792794	359.5447342038956	359.5633648110154
8.41	0.01836417044793911	359.55057556487986	359.5689397353278
8.42	0.01817138038840547	359.55685043272007	359.57502181310844
8.43	0.018055955251797057	359.56361050084246	359.58166645609424
8.44	0.018022021182314368	359.570912583792	359.58893460497427
8.45	0.01807414418995914	359.57881912596036	359.5968932701503
8.46	0.018217364922334573	359.5873987590186	359.60561612394093
8.47	0.018457236411643724	359.59672691298204	359.61518414939366
8.48	0.01879986505011771	359.60688648558187	359.625686350632
8.49	0.01925195506541852	359.6179685739454	359.63722052901085
8.5	0.019820856785785535	359.63007327671335	359.6498941334992
8.51	0.020514619002596882	359.6433105707856	359.6638251897882
8.52	0.021342045757018747	359.6578012708272	359.6791433165842
8.53	0.022312757897416956	359.67367807956174	359.6959908374592
8.54	0.023437259775483152	359.6910867369183	359.71452399669374
8.55	0.024727011472660876	359.710187275936	359.7349142874086
8.56	0.02619450697482318	359.7311553960184	359.7573499029932
8.57	0.027853358742988433	359.75418396572996	359.7820373244729
8.58	0.029718389161849445	359.77948466415995	359.80920305332177
8.59	0.03180572938646342	359.80728977412844	359.8390955035149
8.6	0.03413292615134759	359.837854143796	359.87198706994735
8.61	0.03671905715592093	359.8714573278485	359.9081763850044
8.62	0.039584855695993515	359.9084059262388	359.9479907819348
8.63	0.04275284527265488	359.9490361395246	359.9917889847972
8.64	0.04624748497735589	359.99371655679636	360.0399640417737
8.65	0.05009532652454814	360.04285119900476	360.0929465255293
8.66	0.05432518387996257	360.0968828407179	360.15120802459785
8.67	0.058968316513931626	360.15629663290866	360.2152649494226
8.68	0.06405862739328298	360.2216240554821	360.28568268287535
8.69	0.06963287691274511	360.2934472268394	360.36308010375217
8.7	0.07573091405730828	360.37240360264326	360.4481345167006
8.71	0.0823959261776406	360.45919109751566	360.5415870236933
8.72	0.08967470885461977	360.5545736668114	360.644248375666
8.73	0.09761795742395828	360.65938738796194	360.7570053453859
8.74	0.10628058182891424	360.77454708696115	360.88082766879006
8.75	0.1157220465721485	360.9010535561009	361.0167756026731
8.76	0.12600673764477965	361.0400014142408	361.1660081518856
8.77	0.13720435842661693	361.1925876683166	361.32979202674323
8.78	0.1493903566772542	361.3601210325937	361.509511389271
8.79	0.16264638487362	361.5440320763454	361.706678461219
8.8	0.17706079629970214	361.7458842697457	361.92294506604543
8.81	0.19272917945925713	361.9673860045073	362.1601151839666
8.82	0.20975493356830135	362.2104036786576	362.42015861222586
8.83	0.22824988809150637	362.47697593348175	362.70522582157326
8.84	0.24833496951628867	362.769329141128	363.0176641106443
8.85	0.2701409188146742	363.08989425615744	363.3600351749721
8.86	0.29380906332205575	363.4413251418933	363.7351342052154
8.87	0.31949214706258305	363.826518499988	364.1460106470506
8.88	0.3473552238763821	364.24863554376736	364.59599076764374
8.89	0.3775766180540621	364.71112555875465	365.0887021768087
8.9	0.4103489575588333	365.2177515123644	365.6281004699232
8.91	0.44588028531701984	365.77261789005	366.2184981753671
8.92	0.4843952544853643	366.3802009389732	366.8645961934585
8.93	0.5261364140515818	367.0453815284901	367.5715179425417
8.94	0.571365591591695	367.7734808445579	368.34484643614957
8.95	0.6203653804959199	368.5702991539205	369.1906645344164
8.96	0.6734407394865789	369.442157901215	370.1155986407016
8.97	0.7309207127974028	370.3959454113392	371.1268661241366
8.98	0.7931602799604347	371.4391665017779	372.2323267817383
8.99	0.8605423447683256	372.5799963318703	373.44053867663865
9.0	0.9334798736526824	373.8273388366184	374.7608187102711
9.01	1.0124181944286461	375.19089013212357	376.2033083265522
9.02	1.0978374671249682	376.68120730237456	377.7790447694995
9.03	1.1902553394569493	378.3097830148153	379.50003835427225
9.04	1.2902298004136468	380.0891264502884	381.379356250702
9.05	1.3983622464410956	382.03285106949016	383.4312133159313
9.06	1.515300775822464	384.1557697834744	385.6710705592969
9.07	1.641743728085081	386.4739981396263	388.1157418677114
9.08	1.778443486600253	389.0050661907586	390.78350967735884
9.09	1.926210564005632	391.7680397630571	393.6942503270628
9.1	2.0859179916772783	394.78365190332005	396.86956989499737
9.11	2.2585060362337077	398.0744453530522	400.33295138928594
9.12	2.444987268001578	401.66492696188163	404.10991422988326
9.13	2.646452008520304	405.58173502976547	408.22818703828574
9.14	2.8640741865325468	409.85382065887063	412.7178948454032
9.15	3.0991176344976443	414.51264427009136	417.611761904589
9.16	3.352942860491364	419.5923885516313	422.94533141212264
9.17	3.627014333469538	425.1301892117403	428.75720354520985
9.18	3.9229083233184103	431.1663850273416	435.08929335066006
9.19	4.242321340959882	437.74478879939477	441.9871101403547
9.2	4.587079228115379	444.9129809653792	449.50006019349456
9.21	4.959146951191193	452.7226277786998	457.681774729891
9.22	5.360639159164968	461.2298261246918	466.59046528385676
9.23	5.793831571423667	470.4954772200448	476.2893087914685
9.24	6.261173268314698	480.5856916449561	486.84686491327085
9.25	6.765299964860556	491.5722283766454	498.3375283415059
9.26	7.309048356844103	503.53297072758346	510.8420190844276
9.27	7.895471638496638	516.5524423607916	524.4479139992882
9.28	8.527856302504818	530.7223668206681	539.250223123173
9.29	9.209740346107226	546.1422743576763	555.3520147037835
9.3	9.94493302185273	562.9201601571377	572.8650931789905
9.31	10.737536288504096	581.1731984702777	591.9107347587818
9.32	11.591968136830527	601.0285175862671	612.6204857230975
9.33	12.51298798705541	622.6240410294951	635.1370290165505
9.34	13.505724380171799	646.1094009280148	659.6151253081865
9.35	14.575705214568622	671.6469300380976	686.2226352526661
9.36	15.728890812852448	699.4127395697964	715.1416303826488
9.37	16.97171014222048	729.5978906932584	746.5696008354789
9.38	18.3111005557768	762.409668378436	780.7207689342129
9.39	19.754551472443243	798.0729671411016	817.8275186135448
9.4	21.31015247117816	836.8317992719155	858.1419517430937
9.41	22.986646342249706	878.9509372344412	901.9375835766909
9.42	24.79348771544596	924.7177031914046	949.5111909068505
9.43	26.740907974389003	974.4439200298532	1001.1848280042423
9.44	28.839987269084922	1028.4680398311814	1057.3080271002661
9.45	31.102734557509724	1087.157467551101	1118.2602021086107
9.46	33.542176744149806	1150.9110996717814	1184.453276415931
9.47	36.172458141819874	1220.162099861382	1256.3345580032021
9.48	39.00895166725213	1295.3809363198372	1334.3898879870894
9.49	42.068383394440794	1377.0787083146486	1419.1470917090894
9.5	45.368972337438635	1465.810792737042	1511.1797650744807
9.51	48.93058762251889	1562.1808452671953	1611.1114328897143
9.52	52.774925543284915	1666.8451949369905	1719.6201204802753
9.53	56.925709381630426	1780.5176757100783	1837.4433850917087
9.54	61.40891532848319	1903.9749442089312	1965.3838595374145
9.55	66.25302836467674	2038.0623389196062	2104.315367284283
9.56	71.48933257911135	2183.7003433813643	2255.1896759604756
9.57	77.15224111588577	2341.8917239371135	2419.0439650529993
9.58	83.2796717829711	2513.729421923217	2597.009093706188
9.59	89.91347533891333	2700.4052908394624	2790.3187661783754
9.6	97.09992461930557	2903.2197811985325	3000.319705817838
9.61	104.89027401760957	3123.5926897875124	3228.482963805122
9.62	113.34140042048963	3363.0751061932206	3476.41650661371
9.63	122.51653857177689	3623.362707989985	3745.879246561762
9.64	132.48612603519223	3906.3105774554533	4038.7967034906455
9.65	143.32877555013107	4213.949737580837	4357.278513130968
9.66	155.13239566515315	4548.505633667211	4703.638029332365
