# dt=0.1 eps=0.5 size_x=128 size_v=256
# x : from 0.0 to 12.566370614359172
# v : from -6.0 to 6.0
# interpolation : Lagrange{BigFloat, true} order=21
#time	el-energy	kinetic-energy	global-energy
0.0	6.283185282216372	12.566369667643995	18.849554949860366
0.1	6.204939657015685	12.64486040484419	18.849800061859874
0.2	5.974480481379404	12.876039169421094	18.8505196508005
0.3	5.604352262005896	13.247315667564584	18.85166792957048
0.4	5.114528740186553	13.738644367750256	18.853173107936808
0.5	4.531104364321118	14.323838849824122	18.85494321414524
0.6	3.8846257780868103	14.972246949213389	18.8568727273002
0.7	3.2081870110982145	15.650662199097736	18.85884921019595
0.8	2.5354083414595223	16.325351159587747	18.86075950104727
0.9	1.8984070136630218	16.96408842924134	18.86249544290436
1.0	1.3258576755366553	17.538101799649414	18.86395947518607
1.1	0.8412392889321549	18.023831264281977	18.86507055321413
1.2	0.4613762864557506	18.4043943505253	18.86577063698105
1.3	0.19539943162822818	18.670631869856873	18.8660313014851
1.4	0.04426049194198797	18.821598561151543	18.86585905309353
1.5	0.0009129746647500105	18.864384293882672	18.865297268547423
1.6	0.05120419003556571	18.813218782604782	18.864422972640348
1.7	0.17541808557992017	18.687920004094604	18.863338089674524
1.8	0.35029379465042293	18.511862895399574	18.862156690049996
1.9	0.5512618055777746	18.309729268935023	18.860991074512796
2.0	0.7546163826579588	18.105323269665835	18.859939652323792
2.1	0.939381985275946	17.919696618114994	18.85907860339094
2.2	1.0887123664089224	17.76974555806842	18.858457924477342
2.3	1.1907538689616004	17.66734743954525	18.85810130850685
2.4	1.2389841372780506	17.61902456122901	18.858008698507064
2.5	1.232090966210629	17.626069304007167	18.858160270217795
2.6	1.173481824910208	17.68503902095631	18.85852084586652
2.7	1.0705185693807775	17.788525548268556	18.859044117649333
2.8	0.933562831465387	17.926113615873675	18.859676447339062
2.9	0.7749045212010417	18.08545582125417	18.86036034245521
3.0	0.6076363424935045	18.253401576555323	18.861037919048826
3.1	0.4445358377846596	18.417118830874376	18.861654668659035
3.2	0.297023273874121	18.56514033165203	18.862163605526153
3.3	0.17427316579149155	18.688256280049917	18.862529445841407
3.4	0.08255997429225265	18.780172095951023	18.862732070243275
3.5	0.02490562452855866	18.83786276680764	18.862768391336196
3.6	0.0010649512098436554	18.86158705990364	18.862652011113486
3.7	0.007840386723543053	18.854570221243538	18.86241060796708
3.8	0.03967088224839256	18.822410698454622	18.862081580703013
3.9	0.0894046932860477	18.772302156153355	18.861706849439404
4.0	0.14914922623794893	18.712178539484295	18.861327765722244
4.1	0.21109471924947198	18.6498861525683	18.860980871817773
4.2	0.2682274827684917	18.592467430998035	18.860694913766526
4.3	0.31487545702237746	18.545613735768665	18.860489192791043
4.4	0.3470570335368831	18.513316084486654	18.86037311802354
4.5	0.36262872788315	18.497717992668548	18.860346720551696
4.6	0.3612463317682594	18.49915554803905	18.86040187980731
4.7	0.3441676544668119	18.516356397614892	18.860524052081704
4.8	0.31393396165204535	18.546760369091533	18.860694330743577
4.9	0.27397278879267584	18.586918890002938	18.860891678795614
5.0	0.22816731774575874	18.63292783719431	18.861095154940067
5.1	0.18043660870168543	18.6808493201086	18.861285928810286
5.2	0.13436613574524994	18.727082747035883	18.861448882781133
5.3	0.09291928022296725	18.768654365603737	18.861573645826706
5.4	0.05824864997463812	18.803406341648213	18.86165499162285
5.5	0.03161308851750578	18.83007954260354	18.861692631121045
5.6	0.01339403084671389	18.848296479151827	18.861690509998542
5.7	0.0031950856334658833	18.85846068175065	18.861655767384114
5.8	2.2847616640745376e-6	18.86159523908707	18.861597523848733
5.9	0.0023795175122613837	18.859146135877587	18.861525653389847
6.0	0.008673912846423883	18.852775754389214	18.861449667235636
6.1	0.01720873114653566	18.844169074093106	18.86137780523964
6.2	0.02644597456390987	18.83487042341092	18.86131639797483
6.3	0.03510673430182201	18.82616279623249	18.861269530534315
6.4	0.04224360604262824	18.818995400576547	18.861239006619176
6.5	0.04726566764754167	18.813958910746	18.86122457839354
6.6	0.04992186216035465	18.811302514413605	18.861224376573958
6.7	0.05025254485237337	18.810982908077442	18.861235452929815
6.8	0.048520998810351164	18.812733342388658	18.861254341199007
6.9	0.0451368007372388	18.816140754791633	18.861277555528872
7.0	0.040581331417499485	18.820720642144163	18.861301973561662
7.1	0.03534308692903579	18.825981997132207	18.861325084061242
7.2	0.029867462874552247	18.831477643158415	18.861345106032967
7.3	0.024522928957391128	18.836838072886145	18.861361001843537
7.4	0.019583304997148283	18.84178910632713	18.86137241132428
7.5	0.01522426772993012	18.84615526397002	18.86137953169995
7.6	0.01153119141186212	18.84985177311606	18.861382964527923
7.7	0.008514854269552256	18.852868694505354	18.861383548774906
7.8	0.006131367325388046	18.855250831732683	18.86138219905807
7.9	0.004302890925903894	18.857076877125692	18.861379768051595
8.0	0.002936293776826327	18.858440655709803	18.86137694948663
8.1	0.0019378246511965154	18.859436406703374	18.86137423135457
8.2	0.0012229643076571857	18.860148934136213	18.86137189844387
8.3	0.0007216831412326738	18.86064838909248	18.86137007223371
8.4	0.00038011461535602614	18.860988653986368	18.861368768601725
8.5	0.0001600078531848354	18.86120794492634	18.861367952779524
8.6	3.722758668818591e-5	18.86133034899216	18.861367576578846
8.7	1.5042103036755798e-7	18.86136744183751	18.86136759225854
8.8	4.82680207918517e-5	18.861319678444758	18.86136794646555
8.9	0.00019084879810382543	18.86117771457287	18.861368563370977
9.0	0.0004452548198240687	18.86092407263536	18.861369327455183
9.1	0.0008344894149645991	18.860535584864987	18.86137007427995
9.2	0.0013837170265673783	18.859986876781086	18.861370593807653
9.3	0.002115767325170556	18.859254879716012	18.861370647041184
9.4	0.003045927528461456	18.85832406638446	18.86136999391292
9.5	0.004176578151613468	18.857191850458584	18.8613684286102
9.6	0.005492400251714846	18.85587341728234	18.861365817534054
9.7	0.006956955093962438	18.854405179316796	18.861362134410758
9.8	0.00851139488317936	18.852846091697373	18.861357486580552
9.9	0.01007589401620555	18.851276232505327	18.86135212652153
10.0	0.011554093234241346	18.849792350581957	18.8613464438162
10.1	0.012840446779854691	18.848500488619337	18.86134093539919
10.2	0.01382990957173927	18.847506246181805	18.861336155753545
10.3	0.014428977786681847	18.846903675014513	18.861332652801195
10.4	0.014566788269984834	18.8467641100965	18.861330898366486
10.5	0.014204856608672467	18.847126366805128	18.8613312234138
10.6	0.0133441190624474	18.847989648481775	18.861333767544224
10.7	0.012028225690423635	18.849310224228468	18.861338449918893
10.8	0.010342462967484421	18.85100250262681	18.86134496559429
10.9	0.008408198033597498	18.852944609885196	18.86135280791879
11.0	0.006373264753814528	18.854988049845982	18.861361314599797
11.1	0.004399192193092838	18.85697054032152	18.861369732514614
11.2	0.002646557701046097	18.85873073663237	18.861377294333415
11.3	0.0012599890883332589	18.86012330949795	18.861383298586283
11.4	0.0003544140576738065	18.86103277002663	18.861387184084304
11.5	4.045078295508838e-6	18.86138454478698	18.861388589865275
11.6	0.0002352989161720703	18.861152094373928	18.8613873932901
11.7	0.0010244111913891433	18.860359310364938	18.861383721556326
11.8	0.002299971379515444	18.859077964012062	18.861377935391577
11.9	0.003950044136956203	18.857420543284743	18.8613705874217
12.0	0.005833035271163173	18.855529325709917	18.86136236098108
12.1	0.00779107199336793	18.85356292538534	18.861353997378707
12.2	0.00966444263184578	18.85168177792779	18.861346220559636
12.3	0.011305598658811662	18.850034069080102	18.861339667738914
12.4	0.012591352810124346	18.84874348037225	18.861334833182372
12.5	0.013432181010161175	18.847899849193368	18.861332030203528
12.6	0.013777908728260617	18.847553465279013	18.861331374007275
12.7	0.013619483958949357	18.84771330157504	18.86133278553399
12.8	0.012986958845456687	18.84834905534179	18.861336014187245
12.9	0.011944174517320981	18.849396500947254	18.861340675464575
13.0	0.01058093228543872	18.850765365954164	18.861346298239603
13.1	0.0090036143160748	18.85234876154382	18.861352375859894
13.2	0.007325277957845981	18.854033137414014	18.86135841537186
13.3	0.0056561944707920085	18.855707785504542	18.861363979975334
13.4	0.004095652606092695	18.857273068486084	18.861368721092177
13.5	0.002725627550660429	18.858646770437794	18.861372397988454
13.6	0.0016066585158271544	18.859768225979018	18.861374884494843
13.7	0.0007760165768975328	18.860600147259383	18.86137616383628
13.8	0.00024800780117809296	18.86112830595755	18.86137631375873
13.9	1.6068565182215234e-5	18.861359416370103	18.861375484935284
14.0	5.6185411486726676e-5	18.861317690575255	18.861373875986743
14.1	0.0003311167338882025	18.861040591616153	18.861371708350042
14.2	0.0007949045718640252	18.86057429914521	18.861369203717075
14.3	0.0013972301841899005	18.859969335783912	18.8613665659681
14.4	0.0020872693646458405	18.859276699225024	18.86136396858967
14.5	0.0028168227454378205	18.858544724930383	18.86136154767582
14.6	0.0035426140317163647	18.857816785884832	18.861359399916548
14.7	0.004227751142256186	18.85712983342244	18.861357584564697
14.8	0.004842423679588311	18.856513704557376	18.861356128236963
14.9	0.005363963067037232	18.855991068398456	18.861355031465493
15.0	0.005776421348199852	18.85557785472028	18.86135427606848
15.1	0.006069835170666899	18.855283997404324	18.86135383257499
15.2	0.006239336847311296	18.85511433021556	18.861353667062872
15.3	0.006284257512000727	18.855069489355508	18.861353746867508
15.4	0.00620734030968321	18.855146704407364	18.861354044717046
15.5	0.006014146333634112	18.855340394660328	18.86135454099396
15.6	0.005712695508452557	18.855642528520075	18.86135522402853
15.7	0.005313342719990176	18.856042745839762	18.861356088559752
15.8	0.004828850666530941	18.856528282035423	18.861357132701954
15.9	0.0042745891964983745	18.857083764688404	18.861358353884903
16.0	0.0036687690656425653	18.85769097524509	18.861359744310736
16.1	0.0030326072648502404	18.85832867922087	18.86136128648572
16.2	0.002390321221894849	18.85897262810843	18.861362949330324
16.3	0.0017688594819949687	18.859595825839943	18.861364685321938
16.4	0.0011972961954934314	18.86016913292651	18.861366429122004
16.5	0.0007058454680306678	18.860662252619818	18.861368098087848
16.6	0.00032448879692158656	18.86104510616915	18.86136959496607
16.7	8.125309729520557e-5	18.861289559822247	18.861370812919542
16.8	2.254784427768783e-7	18.86137141734707	18.86137164282551
16.9	9.943950047837128e-5	18.861272542989038	18.861371982489516
17.0	0.00038881018814273827	18.860982936919605	18.861371747107746
17.1	0.0008683249826313233	18.86050255504138	18.86137088002401
17.2	0.0015267089814534282	18.859842653565906	18.86136936254736
17.3	0.002340770537666535	18.859026451050568	18.861367221588235
17.4	0.0032755954534502696	18.85808893862677	18.86136453408022
17.5	0.004285696127038841	18.85707573097213	18.86136142709917
17.6	0.005317140096906287	18.856040933002465	18.86135807309937
17.7	0.006310587668580803	18.85504409289709	18.861354680565668
17.8	0.0072050719971900636	18.85414640793958	18.861351479936772
17.9	0.007942265779805878	18.85340644034024	18.861348706120047
18.0	0.008470907200800527	18.852875672767038	18.861346579967837
18.1	0.008751018168857896	18.852594269749154	18.861345287918013
18.2	0.008757535588688322	18.852587428610896	18.861344964199585
18.3	0.008483003835983969	18.852862674131842	18.861345677967826
18.4	0.007939046716442497	18.85340837492022	18.861347421636662
18.5	0.0071564195669505766	18.854193689663393	18.861350109230344
18.6	0.006183570565439389	18.85517000951954	18.86135358008498
18.7	0.005083766723627128	18.856273840348237	18.861357607071863
18.8	0.0039309622929025395	18.85743095263399	18.861361914926892
18.9	0.002804718326106934	18.858561481204344	18.86136619953045
19.0	0.0017845569200538715	18.859585595421514	18.861370152341568
19.1	0.0009442043558724779	18.860429279367697	18.86137348372357
19.2	0.0003461804566188351	18.861029766459858	18.861375946916475
19.3	3.717371467122857e-5	18.86134018335104	18.86137735706571
19.4	4.4568547494086624e-5	18.86133303619354	18.861377604741033
19.5	0.0003743930478746566	18.861002271513538	18.861376664561412
19.6	0.001010835395307667	18.860363761307166	18.861374596702476
19.7	0.0019173465549551724	18.8594541934268	18.861371539981754
19.8	0.003039217811160342	18.858328482894013	18.861367700705173
19.9	0.004307407210767485	18.857055930871507	18.861363338082274
20.0	0.005643311671900182	18.85571542995161	18.86135874162351
20.1	0.0069640969970458065	18.854390116474075	18.86135421347112
20.2	0.008188214448407121	18.853161825194057	18.861350039642463
20.3	0.009240674269060471	18.852105812229375	18.861346486498437
20.4	0.010057767592262604	18.851285998882005	18.861343766474267
20.5	0.010590921154375772	18.850751108358914	18.86134202951329
20.6	0.010809418880757657	18.850531963122965	18.861341382003722
20.7	0.010702027992498577	18.850639795930853	18.86134182392335
20.8	0.010277206952654626	18.851066125243616	18.86134333219627
20.9	0.00956229979738342	18.85178348415689	18.861345783954274
21.0	0.008601478000851641	18.85274754865852	18.861349026659372
21.1	0.007452875888730265	18.853899989224555	18.861352865113286
21.2	0.00618500438586521	18.85517205620368	18.861357060589548
21.3	0.004872658680792053	18.85648872542873	18.86136138410952
21.4	0.003592698693703963	18.857772884271235	18.86136558296494
21.5	0.0024197471516643446	18.8589496858768	18.861369433028464
21.6	0.0014222137720843048	18.859950508998303	18.861372722770387
21.7	0.0006586734332970077	18.86071660674847	18.861375280181765
21.8	0.00017488992110914852	18.861202077887725	18.861376967808834
21.9	1.489391328417327e-6	18.861376213128715	18.86137770252004
22.0	0.00015249835157508173	18.861224937347924	18.8613774356995
22.1	0.0006246283686760151	18.860751562930517	18.861376191299193
22.2	0.001397524466799351	18.859976488766822	18.861374013233622
22.3	0.0024347070823766605	18.858936312255405	18.86137101933778
22.4	0.00368538125498389	18.857681965884225	18.861367347139208
22.5	0.005086868054259862	18.856276303425442	18.861363171479702
22.6	0.006567559662096113	18.854791152529838	18.861358712191933
22.7	0.00805049094056574	18.853303675277996	18.86135416621856
22.8	0.009456914820531034	18.851892880863172	18.861349795683704
22.9	0.010710526195623554	18.850635267608066	18.86134579380369
23.0	0.011741052142367722	18.84960137904948	18.86134243119185
23.1	0.012488643358916295	18.84885118354902	18.861339826907937
23.2	0.012906650417666624	18.848431625758067	18.861338276175733
23.3	0.012965745370754815	18.848371970357388	18.861337715728144
23.4	0.012654951005247652	18.848683513189528	18.861338464194777
23.5	0.011984784698173915	18.849355475910983	18.861340260609158
23.6	0.010986051444222615	18.85035726504498	18.861343316489204
23.7	0.009710839881049932	18.851636451170553	18.8613472910516
23.8	0.008229247231129517	18.85312290822806	18.861352155459187
23.9	0.006627329392486391	18.854730224852492	18.86135755424498
24.0	0.005002142655916356	18.85636110908293	18.861363251738844
24.1	0.0034569046464668182	18.85791197250034	18.861368877146806
24.2	0.0020949140286209713	18.859279176075404	18.861374090104025
24.3	0.00101320673051819	18.860365353137947	18.861378559868466
24.4	0.0002964616150916134	18.861085470030872	18.861381931645965
24.5	1.0878768279220163e-5	18.861373122380225	18.861384001148505
24.6	0.00019958277792969117	18.86118492236838	18.86138450514631
24.7	0.0008784588284246753	18.860504944211012	18.861383403039437
24.8	0.0020344101935502513	18.859346217288525	18.861380627482074
24.9	0.0036243796703725904	18.857751958315248	18.86137633798562
25.0	0.005577356727671039	18.855793284108938	18.861370640836608
25.1	0.007796817515592203	18.853567103802543	18.861363921318137
25.2	0.010166499570339889	18.85118996563921	18.86135646520955
25.3	0.012555926037404195	18.84879279662034	18.861348722657745
25.4	0.014828457631869121	18.846512731244175	18.861341188876043
25.5	0.01684952548095153	18.844484699561395	18.861334225042345
25.6	0.018494100812649655	18.8428343683253	18.86132846913795
25.7	0.019657207599066695	18.841666840837362	18.86132404843643
25.8	0.020257706437996997	18.841063908769893	18.861321615207892
25.9	0.020249058422664872	18.84107203732869	18.861321095751354
26.0	0.01961925368498576	18.84170352861877	18.861322782303755
26.1	0.018396186160558325	18.842930437300865	18.861326623461423
26.2	0.01664684902460894	18.844685477725875	18.861332326750485
26.3	0.014472622065104777	18.846867149545087	18.86133977161019
26.4	0.012007704060303312	18.849340686708608	18.86134839076891
26.5	0.009407711984069263	18.851949936149676	18.861357648133744
26.6	0.0068424706643537845	18.854524666107412	18.861367136771765
26.7	0.0044853646136639716	18.856890556152255	18.86137592076592
26.8	0.002500006297755106	18.858883741389853	18.861383747687608
26.9	0.001032138996093449	18.86035769018562	18.861389829181714
27.0	0.00019769748868194378	18.86119613976913	18.861393837257815
27.1	7.560768315161244e-5	18.861319904706416	18.861395512389567
27.2	0.0007028273866649224	18.860691794390902	18.861394621777567
27.3	0.002070803091400133	18.859320403254497	18.861391206345896
27.4	0.004125702253790559	18.857259849047864	18.861385551301655
27.5	0.006772611992293628	18.854605069848102	18.861377681840395
27.6	0.009878232788752047	18.85149017194899	18.86136840473774
27.7	0.013281614682280413	18.848076217468808	18.86135783215109
27.8	0.01679979437574857	18.844547009080404	18.861346803456154
27.9	0.020239458402500667	18.841096402593603	18.861335860996103
28.0	0.023407934074274328	18.837917523449093	18.861325457523368
28.1	0.026121215475149995	18.835195193640743	18.861316409115894
28.2	0.028216913010517486	18.833092213442004	18.86130912645252
28.3	0.029564611015060648	18.831739554255467	18.86130416527053
28.4	0.030070034946212524	18.831231458680005	18.861301493626218
28.5	0.029686557450610596	18.83161610235956	18.86130265981017
28.6	0.028424255285702037	18.83288111493167	18.861305370217373
28.7	0.026334563570251455	18.834977923911687	18.86131248748194
28.8	0.023536736317121457	18.837784597399537	18.86132133371666
28.9	0.020189670808581507	18.841142824743002	18.861332495551583
29.0	0.016493693110823604	18.844851823141898	18.861345516252722
29.1	0.012682895911615059	18.848676150310606	18.861359046222223
29.2	0.009004905140763991	18.852367525127782	18.861372430268545
29.3	0.005705320859147593	18.85567963239629	18.861384953255435
29.4	0.003016110763147911	18.858379499872054	18.861395610635203
29.5	0.0011373785788337516	18.860266236298237	18.86140361487707
29.6	0.00022255225203169916	18.861186019143723	18.861408571395756
29.7	0.00037146277519724247	18.861038630433114	18.861410093208313
29.8	0.0016233294854082325	18.85978476415521	18.86140809364062
29.9	0.003954728423897716	18.85744772944379	18.86140245786769
30.0	0.007279725285760372	18.854114270121524	18.861393995407283
30.1	0.01145975800186175	18.849922622957948	18.86138238095981
30.2	0.016304703890768418	18.845064253801308	18.861368957692076
30.3	0.021586602078057498	18.839766889817067	18.861353491895123
30.4	0.027045584998063376	18.834291796078507	18.86133738107657
30.5	0.03240313882577252	18.828917714799047	18.861320853624818
30.6	0.037372145827227386	18.823932618169973	18.8613047639972
30.7	0.04166968477417705	18.81962055636945	18.861290241143628
30.8	0.0450333060861371	18.816244675781352	18.861277981867488
30.9	0.04724115654980152	18.81402804310762	18.86126919965742
31.0	0.048121037633214486	18.813142080394044	18.86126311802726
31.1	0.04756346672084476	18.813701073504205	18.86126454022505
31.2	0.04556926164088298	18.815698884058662	18.861268145699544
31.3	0.042204477066585366	18.819074136560207	18.861278613626794
31.4	0.03764442261215882	18.82364953155387	18.861293954166026
31.5	0.032163379978751086	18.829149700372728	18.86131308035148
31.6	0.026110117859968446	18.835225015630705	18.861335133490673
31.7	0.019887045332194098	18.841471399612495	18.86135844494469
31.8	0.013926668408366039	18.847454961589456	18.861381629997823
31.9	0.008660947337248273	18.85274180870345	18.861402756040697
32.0	0.004486491975331756	18.856933414694566	18.861419906669898
32.1	0.0017297117518127662	18.85970249816094	18.861432209912753
32.2	0.000628144557106093	18.86081066295894	18.861438807516045
32.3	0.001317644823747874	18.860121724426616	18.861439369250363
32.4	0.003824624348169733	18.857609103708683	18.861433728056852
32.5	0.008067499737000713	18.85335540926052	18.86142290899752
32.6	0.013870652497322016	18.84753656837203	18.86140722086935
32.7	0.020979548034806565	18.840408635423906	18.86138818345871
32.8	0.029077930855829822	18.832288029978784	18.861365960834615
32.9	0.037797618513924824	18.823543814234302	18.861341432748226
33.0	0.04672809116565613	18.814587675955945	18.8613157671216
33.1	0.055426996283067284	18.805861624083057	18.861288620366125
33.2	0.06342889384593944	18.79783361973776	18.861262513583696
33.3	0.07026613469376382	18.790972145947066	18.86123828064083
33.4	0.0754942311396486	18.785723174642513	18.86121740578216
33.5	0.07873109602678484	18.782471460276174	18.86120255630296
33.6	0.07967643728981726	18.78151616553524	18.861192602825056
33.7	0.07813433087008982	18.7830608586808	18.861195189550887
33.8	0.07411423216653316	18.787090505872733	18.861204738039266
33.9	0.06778334637536884	18.793441666155648	18.861225012531015
34.0	0.059495493309882894	18.801759423361602	18.861254916671484
34.1	0.049794709715735144	18.81149733745618	18.861292047171915
34.2	0.0393716211114257	18.82196147196419	18.861333093075615
34.3	0.028994379743749604	18.83238019200616	18.86137457174991
34.4	0.01944083850129666	18.84197234199586	18.861413180497156
34.5	0.011439800237510093	18.85000618173569	18.8614459819732
34.6	0.005612500379497641	18.855857962731065	18.861470463110564
34.7	0.002423635735148079	18.859060711529168	18.861484347264316
34.8	0.002138972458907487	18.859347402267183	18.86148637472609
34.9	0.004804160709913668	18.856673057918492	18.861477218628405
35.0	0.010256549677679505	18.851202090686918	18.8614586403646
35.1	0.01817011226903489	18.84326435875756	18.861434471026595
35.2	0.028128192883686606	18.833278513094612	18.8614067059783
35.3	0.03966614613580572	18.821710439311637	18.86137658544744
35.4	0.052297056572166746	18.80904876406538	18.861345820637546
35.5	0.06552966946358257	18.795783326797007	18.86131299626059
35.6	0.07884231772018944	18.78243568216045	18.861277999880638
35.7	0.09165775944557324	18.76958253044391	18.861240289889484
35.8	0.10333344099925668	18.757868913852732	18.86120235485199
35.9	0.11319181008506042	18.7479733848481	18.861165194933157
36.0	0.1205582174663147	18.74057482879447	18.861133046260782
36.1	0.12481349462000794	18.7362941067526	18.861107601372606
36.2	0.12542023254794304	18.735669294088332	18.861089526636274
36.3	0.12199019234133321	18.73909932373096	18.861089516072294
36.4	0.11446012197686312	18.746649346709788	18.86110946868665
36.5	0.10316985035480995	18.757981629423778	18.861151479778588
36.6	0.08888306725576595	18.772326397370872	18.861209464626636
36.7	0.07268775822961972	18.788588949871944	18.861276708101563
36.8	0.05585449297097057	18.805491930746218	18.861346423717187
36.9	0.03970769797228955	18.821705876810153	18.861413574782443
37.0	0.02552274211236245	18.835949964769	18.86147270688136
37.1	0.014420567362380083	18.84709781350818	18.86151838087056
37.2	0.007264672474652873	18.854281674776527	18.861546347251178
37.3	0.004575844373525023	18.856978132314566	18.861553976688093
37.4	0.006489264308291302	18.85505398640594	18.861543250714234
37.5	0.01279380836367719	18.84872324025202	18.8615170486157
37.6	0.02298861484799707	18.838487478776464	18.86147609362446
37.7	0.03629259000665134	18.8251278492776	18.861420439284252
37.8	0.05166786918675808	18.80969491558733	18.861362784774087
37.9	0.06811870652612753	18.79321131141635	18.86133001794248
38.0	0.08514572759352082	18.77616149031219	18.86130721790571
38.1	0.10246264086004782	18.758807733612468	18.861270374472515
38.2	0.11957439745199297	18.741655242108354	18.861229639560346
38.3	0.135841498152678	18.7253424053457	18.86118390349838
38.4	0.15048519801797886	18.710651656840845	18.861136854858824
38.5	0.1626807290104516	18.698410525872504	18.861091254882954
38.6	0.1716189402818056	18.689432759640127	18.861051699921934
38.7	0.17646338681881657	18.68453768907642	18.86100107589524
38.8	0.17616081387594962	18.684793085105053	18.860953898981002
38.9	0.1696551975235933	18.69129443405143	18.86094963157502
39.0	0.1567401665092501	18.704268935275092	18.861009101784344
39.1	0.1384526727099408	18.722639035455817	18.86109170816576
39.2	0.1163767253435967	18.744807641985716	18.86118436732931
39.3	0.09233143122083105	18.76895770579626	18.861289137017092
39.4	0.06830128984675504	18.793092348173598	18.861393638020353
39.5	0.046284361030774844	18.815205653566196	18.86149001459697
39.6	0.028099485083107247	18.83346066851043	18.861560153593537
39.7	0.015116710600682785	18.846491910558957	18.86160862115964
39.8	0.008129962989055429	18.85347940582872	18.861609368817774
39.9	0.007160854541026396	18.854443642901725	18.86160449744275
40.0	0.012031525052721155	18.84955247699243	18.86158400204515
40.1	0.02233142193656803	18.839210078434956	18.861541500371523
40.2	0.037274403551050876	18.824212377312598	18.86148678086365
40.3	0.05583007228029715	18.805583172931584	18.86141324521188
40.4	0.07655220091088295	18.784756690005867	18.86130889091675
40.5	0.09757033410981822	18.76367412284225	18.86124445695207
40.6	0.11770520173519626	18.74350407472605	18.861209276461246
40.7	0.1364754907137125	18.724705224600584	18.861180715314298
40.8	0.15352492414072538	18.70762192208905	18.861146846229776
40.9	0.1684142202398425	18.692702992066422	18.861117212306265
41.0	0.18065594032321494	18.68042165726299	18.861077597586206
41.1	0.1895960092623105	18.671451945088545	18.861047954350855
41.2	0.19472170195569424	18.666308981389058	18.86103068334475
41.3	0.19544239230442237	18.665501965945076	18.860944358249498
41.4	0.190056643171167	18.670851078468985	18.860907721640153
41.5	0.17775471663275746	18.683212912679206	18.860967629311965
41.6	0.1595544730334285	18.70148787526914	18.86104234830257
41.7	0.13690919576652755	18.724223414113506	18.861132609880034
41.8	0.11154781277820902	18.749683334191797	18.861231146970006
41.9	0.08535149547487195	18.775984361658594	18.861335857133465
42.0	0.060337440526245234	18.801110491637676	18.86144793216392
42.1	0.03859717404359766	18.82293087845411	18.861528052497707
42.2	0.02153606665383992	18.840019076848264	18.861555143502105
42.3	0.00961921698662906	18.8519569483726	18.861576165359228
42.4	0.003180738696865148	18.85843104675288	18.861611785449746
42.5	0.0027673293911738713	18.858840739723643	18.861608069114816
42.6	0.008290745766788449	18.85327275928706	18.861563505053848
42.7	0.01892495514988887	18.842599291203737	18.861524246353625
42.8	0.03388426894893211	18.827586859050662	18.861471127999593
42.9	0.05213498535423385	18.809253770939687	18.86138875629392
43.0	0.07218442925815889	18.789129434667675	18.861313863925833
43.1	0.09263077056873074	18.76861599098912	18.86124676155785
43.2	0.11224534822223137	18.7489365491077	18.86118189732993
43.3	0.12988068607471917	18.7312419604591	18.861122646533822
43.4	0.14450650559824238	18.716576743606527	18.86108324920477
43.5	0.1554567027710157	18.705604438677412	18.861061141448427
43.6	0.162344347499644	18.698692282849088	18.861036630348732
43.7	0.16475593846351608	18.696264958881095	18.86102089734461
43.8	0.16239025999589252	18.698626986691718	18.86101724668761
43.9	0.15513393731942146	18.705900985613912	18.861034922933335
44.0	0.14333561766882308	18.717756656703997	18.86109227437282
44.1	0.12800315490045427	18.73314775401723	18.861150908917686
44.2	0.11024728200122604	18.750964674477384	18.86121195647861
44.3	0.09117002612471115	18.77010208802975	18.86127211415446
44.4	0.0718132489389156	18.78951436113085	18.861327610069765
44.5	0.05313899462646588	18.808244984751596	18.86138397937806
44.6	0.03615986163233051	18.825287587556943	18.861447449189274
44.7	0.02201557885762082	18.839489251216346	18.861504830073965
44.8	0.011716234109677941	18.849814169880464	18.86153040399014
44.9	0.0057164872085140464	18.855817225903774	18.861533713112287
45.0	0.003959223188387956	18.857557627025713	18.8615168502141
45.1	0.006106811456231019	18.85539854834616	18.86150535980239
45.2	0.011836326860667249	18.84964418370279	18.861480510563457
45.3	0.020741512639282034	18.840715877362822	18.861457390002105
45.4	0.03237990608491101	18.829041061033784	18.861420967118697
45.5	0.0461156265849348	18.815257691757083	18.861373318342018
45.6	0.06108379369932315	18.80022686875896	18.86131066245828
45.7	0.0761365170981405	18.78511573892474	18.861252256022883
45.8	0.09020247060578047	18.771006311480228	18.86120878208601
45.9	0.10253507236162676	18.758648271323686	18.861183343685312
46.0	0.11276090127340563	18.74841106948694	18.861171970760346
46.1	0.1207033323285253	18.740448981310205	18.86115231363873
46.2	0.1260960582489193	18.735034517216054	18.861130575464973
46.3	0.12851956596519654	18.73258406645479	18.861103632419987
46.4	0.12731750368152098	18.733739218365955	18.861056722047476
46.5	0.12155699558805798	18.73950552993778	18.86106252552584
46.6	0.11122002538332124	18.749887756196507	18.86110778157983
46.7	0.09717792374607506	18.763993605172463	18.861171528918536
46.8	0.08060524003082598	18.7806419275514	18.861247167582228
46.9	0.06301844450502293	18.798322904174622	18.861341348679645
47.0	0.04622604367482223	18.815194924931102	18.861420968605923
47.1	0.03174696943084448	18.82971561741298	18.861462586843825
47.2	0.02035955656376418	18.841129286089053	18.861488842652818
47.3	0.01247222722530704	18.849030360145743	18.86150258737105
47.4	0.008219388907503842	18.853273746784314	18.861493135691816
47.5	0.007353754927572107	18.854127260763022	18.861481015690593
47.6	0.009585991118363817	18.8518852469673	18.861471238085663
47.7	0.014638680258675934	18.84680035474205	18.86143903500073
47.8	0.021897097027359716	18.83950255343325	18.86139965046061
47.9	0.030576103171148034	18.830785704963688	18.861361808134838
48.0	0.03998433592204902	18.82135487060393	18.86133920652598
48.1	0.0497566472390328	18.81156992019787	18.8613265674369
48.2	0.05971357271687131	18.801588191514117	18.861301764230987
48.3	0.06946923272176957	18.79179712698442	18.86126635970619
48.4	0.07838532163636891	18.78284245311453	18.861227774750898
48.5	0.08576736980772537	18.775437111077437	18.861204480885164
48.6	0.09122581913352394	18.769978641252397	18.86120446038592
48.7	0.09482157897824875	18.76638985826472	18.861211437242968
48.8	0.09673278154193632	18.764470102731444	18.861202884273382
48.9	0.09675371333493653	18.7644116769335	18.861165390268436
49.0	0.09404426016291262	18.76707741564483	18.861121675807745
49.1	0.08768361624388973	18.773450922819606	18.861134539063496
49.2	0.07785000316962798	18.783354543134674	18.861204546304304
49.3	0.06590134169115998	18.795384713702468	18.861286055393627
49.4	0.05343641369099934	18.807899870034074	18.861336283725073
49.5	0.04139130506255406	18.819957495420425	18.86134880048298
49.6	0.02995232510055732	18.83141397279896	18.861366297899515
49.7	0.019367663056995936	18.842042214191064	18.86140987724806
49.8	0.010424733096185787	18.851037701647304	18.86146243474349
49.9	0.004105162020988569	18.857385612018977	18.861490774039964
50.0	0.0009907131281294752	18.860509899886154	18.861500613014282
50.1	0.0012831027313331272	18.860218601251567	18.8615017039829
50.2	0.004987364578321838	18.856498170992623	18.861485535570946
50.3	0.011768058977513835	18.849677709033998	18.86144576801151
50.4	0.020868902304068068	18.84053477227498	18.86140367457905
50.5	0.031507981410430284	18.829867005270312	18.861374986680744
50.6	0.043172187517265745	18.818174920465925	18.86134710798319
50.7	0.05538241649263847	18.805923170418954	18.86130558691159
50.8	0.06741605283551118	18.793843233005628	18.86125928584114
50.9	0.07842281265669361	18.7827936444961	18.861216457152793
51.0	0.08761415677918213	18.773567793478637	18.86118195025782
51.1	0.0943194736379391	18.76683145273183	18.861150926369767
51.2	0.09797599359892598	18.763161931476063	18.86113792507499
51.3	0.09832832235786616	18.762810394889737	18.861138717247602
51.4	0.09539238372427268	18.765756067879042	18.861148451603317
51.5	0.08934506256206722	18.771822563558505	18.861167626120572
51.6	0.08054321744317697	18.780658860251023	18.8612020776942
51.7	0.0696269227285288	18.79162030428357	18.861247227012097
51.8	0.05744260620355822	18.803853987065175	18.861296593268733
51.9	0.04492786634565754	18.81642061053251	18.861348476878167
52.0	0.03304875568042591	18.82834436190349	18.861393117583916
52.1	0.022623069754492204	18.83880295324828	18.86142602300277
52.2	0.014269515486195422	18.847188198925803	18.861457714411998
52.3	0.008551545417447036	18.852927508304596	18.861479053722043
52.4	0.005846066221152163	18.85563662513844	18.861482691359594
52.5	0.006212327758015909	18.855264559026264	18.861476886784278
52.6	0.009528947451142264	18.85193613656888	18.861465084020022
52.7	0.015563897176653586	18.84587797886078	18.861441876037436
52.8	0.02387899284406357	18.837529256963816	18.86140824980788
52.9	0.03386731902487842	18.827508160608467	18.861375479633345
53.0	0.044962817663133946	18.816388100739506	18.86135091840264
53.1	0.05678795351891867	18.804543808985855	18.861331762504772
53.2	0.06907099452457185	18.79223063626552	18.86130163079009
53.3	0.08131739348299556	18.77993749335857	18.861254886841564
53.4	0.09267675529733756	18.768526537721836	18.861203293019173
53.5	0.10219988438168465	18.758964430541454	18.861164314923137
53.6	0.10909204989651318	18.752032163892974	18.861124213789488
53.7	0.11256433803971087	18.748530479450977	18.861094817490688
53.8	0.11203315882952726	18.749060416679033	18.86109357550856
53.9	0.1074321659391733	18.753680642934018	18.86111280887319
54.0	0.09909058992176112	18.762049785051417	18.86114037497318
54.1	0.08752557384880019	18.773658172533604	18.861183746382405
54.2	0.0735648947994385	18.7876811644252	18.86124605922464
54.3	0.05837039693684892	18.8029370869926	18.861307483929448
54.4	0.043117312979752936	18.81825185624355	18.861369169223302
54.5	0.028968030309631666	18.832460166739672	18.861428197049303
54.6	0.01702819833340534	18.844444395801798	18.861472594135204
54.7	0.008132195237785123	18.853372879629877	18.86150507486766
54.8	0.002898141900950329	18.85863294919251	18.86153109109346
54.9	0.0018075715255481733	18.85973149267515	18.8615390642007
55.0	0.00503732569197625	18.856492585596385	18.86152991128836
55.1	0.012416130176732583	18.849082902062428	18.86149903223916
55.2	0.023373383703629996	18.838078191267158	18.861451574970786
55.3	0.0370078804043894	18.824387638236125	18.861395518640514
55.4	0.05227358568651038	18.809067008945494	18.861340594632004
55.5	0.06817785274691704	18.793114517981056	18.861292370727973
55.6	0.08386596115752253	18.77737961606974	18.861245577227262
55.7	0.09850232575453946	18.76269056441129	18.861192890165828
55.8	0.11116836352801834	18.749983421994596	18.861151785522615
55.9	0.12112620146984512	18.740000834758632	18.861127036228478
56.0	0.12793632602998056	18.733170226559043	18.861106552589025
56.1	0.13124429469166746	18.729843698083265	18.861087992774934
56.2	0.1306889754238764	18.73038511095157	18.861074086375446
56.3	0.1259574400031192	18.735116634567124	18.861074074570244
56.4	0.11700044504604641	18.744100880594992	18.861101325641037
56.5	0.10427664480435879	18.75687568001731	18.861152324821667
56.6	0.08870664533674129	18.77250771801027	18.861214363347013
56.7	0.07147242474051509	18.7898094100707	18.861281834811216
56.8	0.053860614775551645	18.8074919492095	18.86135256398505
56.9	0.03713248501739993	18.824281865169528	18.861414350186926
57.0	0.022502193847174834	18.838980226506212	18.861482420353386
57.1	0.011261275918040738	18.85027233607715	18.861533611995192
57.2	0.004356719451055064	18.857196767793663	18.86155348724472
57.3	0.002135214861679399	18.859407168322857	18.861542383184535
57.4	0.004365783595066291	18.857159516826236	18.861525300421302
57.5	0.010685689278574306	18.850823268188584	18.86150895746716
57.6	0.020800955856173177	18.84067916458122	18.861480120437395
57.7	0.03421145964022498	18.82722230006226	18.861433759702486
57.8	0.050092650284946645	18.811288945737296	18.86138159602224
57.9	0.06753850617708593	18.79379525296555	18.861333759142635
58.0	0.08574365679775119	18.77554021977319	18.86128387657094
58.1	0.10380688526817444	18.757409559011055	18.86121644427923
58.2	0.12051104335895726	18.74063200413781	18.861143047496768
58.3	0.13449990352763302	18.72658292455106	18.861082828078693
58.4	0.14461150500702596	18.71642465989953	18.861036164906558
58.5	0.15002749123855008	18.71101066678281	18.86103815802136
58.6	0.15069602568915008	18.71033205742257	18.86102808311172
58.7	0.14651609325312295	18.714523413608838	18.86103950686196
58.8	0.1376718977501201	18.723411595519398	18.86108349326952
58.9	0.12494720355617404	18.736176744597593	18.861123948153768
59.0	0.10915261700446573	18.752033838754816	18.86118645575928
59.1	0.0913707033419631	18.769874686322908	18.86124538966487
59.2	0.0727316575892423	18.78858426782378	18.86131592541302
59.3	0.05446835123074868	18.80690283813579	18.86137118936654
59.4	0.03755523972224955	18.8238613155835	18.86141655530575
59.5	0.022838398429580315	18.838641276252	18.861479674681583
59.6	0.011425083659950307	18.8500997513544	18.86152483501435
59.7	0.004163645904753081	18.857385015750918	18.86154866165567
59.8	0.0015332553197661084	18.860033397501628	18.861566652821395
59.9	0.0038767657015500922	18.857691029602737	18.861567795304286
60.0	0.011240978662847049	18.8503007896073	18.861541768270147
60.1	0.02317518050656104	18.838328821356416	18.86150400186298
60.2	0.03910242393278417	18.822373249805505	18.86147567373829
60.3	0.05846096092722213	18.80293941644096	18.86140037736818
60.4	0.08001926356526834	18.781309776414055	18.861329039979324
60.5	0.10238231246833024	18.758856442090615	18.861238754558943
60.6	0.123932142822728	18.737218646420466	18.861150789243194
60.7	0.1429804418653836	18.718090362708097	18.86107080457348
60.8	0.1580594230460867	18.702969360045895	18.86102878309198
60.9	0.16844888625650178	18.692565004198073	18.861013890454576
61.0	0.1739804416434328	18.68703698663279	18.861017428276224
61.1	0.1747898959281033	18.686235770201215	18.86102566612932
61.2	0.17107676890041437	18.68995699433964	18.86103376324005
61.3	0.1630495342675867	18.698015392989493	18.86106492725708
61.4	0.1512112958824932	18.709883967030542	18.861095262913036
61.5	0.13603437540744656	18.72508448510958	18.861118860517028
61.6	0.11786790861773454	18.74329460919367	18.861162517811405
61.7	0.09741599217640187	18.763815164586724	18.861231156763125
61.8	0.07586494897175862	18.785443935773074	18.861308884744833
61.9	0.054664577356513755	18.806735031487342	18.861399608843858
62.0	0.035507139237323064	18.82597550653551	18.861482645772835
62.1	0.01995256447741245	18.841585904283605	18.86153846876102
62.2	0.009030992330232569	18.852535918340564	18.861566910670795
62.3	0.0032527099180756414	18.85833257183913	18.861585281757208
62.4	0.002925044347370254	18.858660215581306	18.861585259928678
62.5	0.00800106654712314	18.85355484398783	18.861555910534953
62.6	0.01798827919213559	18.843540679546447	18.86152895873858
62.7	0.03238654231768592	18.829105332137992	18.861491874455677
62.8	0.0505346697149241	18.810896090417366	18.86143076013229
62.9	0.07144072225471378	18.789927220791608	18.86136794304632
63.0	0.0939601857795862	18.76733110215203	18.861291287931618
63.1	0.11674433510134122	18.74447033376925	18.86121466887059
63.2	0.13837458990971568	18.722754846980934	18.86112943689065
63.3	0.15731115550607613	18.703748180042414	18.86105933554849
63.4	0.17223490069838046	18.688772842765193	18.861007743463574
63.5	0.18224072558691837	18.678739923370937	18.860980648957856
63.6	0.18682077583636683	18.67414043005754	18.860961205893908
63.7	0.18566704754879598	18.67529940364615	18.860966451194948
63.8	0.1788692872575232	18.682124869329023	18.860994156586546
63.9	0.166954593350345	18.694089605469102	18.861044198819446
64.0	0.15086319225182326	18.710245566980273	18.861108759232096
64.1	0.13175904500049773	18.729407997916073	18.86116704291657
64.2	0.11067377955622767	18.75055169604962	18.861225475605846
64.3	0.08865571072155018	18.772645083008957	18.861300793730507
64.4	0.06701837343936931	18.794358522910116	18.861376896349487
64.5	0.04713155320980539	18.814314970559995	18.8614465237698
64.6	0.030233387117176932	18.8312638205752	18.861497207692377
64.7	0.017199633403949897	18.844328863747972	18.861528497151923
64.8	0.008551199976209508	18.852997995602443	18.861549195578654
64.9	0.00459695919644876	18.85696015810049	18.86155711729694
65.0	0.005480228555941215	18.85607951527143	18.86155974382737
65.1	0.011244668384252282	18.85030330074088	18.86154796912513
65.2	0.021745752025959436	18.839780967607823	18.861526719633783
65.3	0.03662030835196357	18.824856534917135	18.8614768432691
65.4	0.05501240025601938	18.806399569486484	18.861411969742502
65.5	0.07576858640564393	18.785575007094195	18.86134359349984
65.6	0.09761577919870995	18.763643730372774	18.861259509571482
65.7	0.11902200366222661	18.74215195262877	18.861173956290997
65.8	0.13836901917997313	18.722726586115602	18.861095605295574
65.9	0.1542412265084606	18.706807952160634	18.861049178669095
66.0	0.1658116259370331	18.69521583074298	18.861027456680013
66.1	0.172771501218213	18.688249613791935	18.86102111501015
66.2	0.17508051475205563	18.685939445356627	18.861019960108685
66.3	0.17273126110704914	18.688285969438706	18.861017230545755
66.4	0.1656263268146207	18.695396019759656	18.861022346574277
66.5	0.1538141198216787	18.707243631841237	18.861057751662916
66.6	0.1378580757474587	18.723252628673624	18.861110704421083
66.7	0.11871629925386921	18.74246305925181	18.86117935850568
66.8	0.09763088327056227	18.76362591150678	18.86125679477734
66.9	0.07605864892053475	18.785285812849377	18.86134446176991
67.0	0.05557639581992456	18.805838429098554	18.861414824918477
67.1	0.037488619042556896	18.823986217650457	18.861474836693013
67.2	0.022841178420625576	18.838671686709098	18.861512865129725
67.3	0.012239076771889134	18.84928348801517	18.86152256478706
67.4	0.005756362678840167	18.85576790712952	18.86152426980836
67.5	0.0033293496448848765	18.85819623243875	18.861525582083637
67.6	0.004887641754421704	18.856621766675687	18.86150940843011
67.7	0.010096768805013857	18.851385937602235	18.861482706407248
67.8	0.018458393670078045	18.842999025625645	18.86145741929572
67.9	0.02951079902251692	18.831914612656234	18.861425411678752
68.0	0.04269804549009812	18.81868452553381	18.86138257102391
68.1	0.05725500509317758	18.804074140177526	18.861329145270705
68.2	0.0721790474315753	18.78908312612112	18.861262173552696
68.3	0.08620559006263265	18.77499007884174	18.861195668904372
68.4	0.09806207283304996	18.763083163123927	18.861145235956975
68.5	0.10680913164608156	18.75431345535998	18.86112258700606
68.6	0.11207790754566041	18.74904837210515	18.86112627965081
68.7	0.11398216529494154	18.747145012632366	18.861127177927308
68.8	0.11253437702669575	18.748576746769075	18.86111112379577
68.9	0.10746644466583505	18.753655406973326	18.86112185163916
69.0	0.0989207992592028	18.76224157241363	18.861162371672833
69.1	0.08766663176067814	18.773549909575813	18.861216541336493
69.2	0.07472936879467826	18.78653502366086	18.86126439245554
69.3	0.06103170642787118	18.800281434699112	18.861313141126985
69.4	0.04744070767282453	18.81391483154514	18.861355539217964
69.5	0.03470810501436003	18.82668462643125	18.86139273144561
69.6	0.023505882263973328	18.837927185313518	18.86143306757749
69.7	0.014562501145172263	18.846906637486466	18.861469138631637
69.8	0.00851407915910978	18.85296758604431	18.86148166520342
69.9	0.005532794728737262	18.855934471785176	18.861467266513912
70.0	0.005246414647238534	18.856193329538787	18.861439744186026
70.1	0.007049835824179376	18.854366632933605	18.861416468757785
70.2	0.010408528525183794	18.850989331399465	18.861397859924647
70.3	0.014998084228607673	18.84640356479256	18.86140164902117
70.4	0.0208901186931152	18.840505229527082	18.861395348220196
70.5	0.028002926089699665	18.833360714436783	18.86136364052648
70.6	0.035812781772536564	18.825517898337772	18.86133068011031
70.7	0.04366294824179549	18.81763358997448	18.861296538216276
70.8	0.05089921812576287	18.81037445276696	18.861273670892725
70.9	0.05708447477435041	18.804175718227803	18.861260193002153
71.0	0.061953336435876784	18.79928374527604	18.861237081711916
71.1	0.06504991642166556	18.79616115830656	18.861211074728224
71.2	0.06588268193402276	18.79532809115269	18.861210773086714
71.3	0.06434616016178102	18.796868201905433	18.861214362067212
71.4	0.06045603333693593	18.800761122969508	18.861217156306445
71.5	0.05427421621517712	18.806975619952457	18.861249836167634
71.6	0.04638060663888808	18.81491828041783	18.86129888705672
71.7	0.03765507370991822	18.8236813551548	18.861336428864718
71.8	0.028895185293206713	18.832494709635487	18.861389894928692
71.9	0.021045207876619287	18.840377829732425	18.861423037609043
72.0	0.014676863850762754	18.84675417203646	18.86143103588722
72.1	0.009885649989053561	18.85155296876035	18.861438618749403
72.2	0.006668102089775726	18.854770062552806	18.861438164642582
72.3	0.004927679523287437	18.856509256847204	18.86143693637049
72.4	0.0044760528027879614	18.856940834905732	18.86141688770852
72.5	0.004877043645162804	18.85653278462421	18.861409828269373
72.6	0.0058759488476278375	18.855527412256535	18.861403361104163
72.7	0.007270137130206554	18.85412062294079	18.861390760070996
72.8	0.008794722727428525	18.852599081779072	18.861393804506502
72.9	0.010510073307332217	18.850892622337167	18.8614026956445
73.0	0.012574724793273961	18.848825249816713	18.861399974609988
73.1	0.014965431715234633	18.84643068884018	18.861396120555415
73.2	0.017579833495726907	18.843799628767176	18.861379462262903
73.3	0.02009243025125281	18.841266323825558	18.86135875407681
73.4	0.022088389994807583	18.839259597317707	18.861347987312513
73.5	0.023323042963586962	18.838016559678948	18.861339602642534
73.6	0.023627290902789158	18.83770253211207	18.861329823014856
73.7	0.022827315521837376	18.838496855075554	18.861324170597392
73.8	0.020856114896591157	18.840478935637865	18.861335050534457
73.9	0.0179329321695278	18.8434180822978	18.861351014467328
74.0	0.014402888826540065	18.846960332529402	18.861363221355944
74.1	0.010575977821412995	18.850808404023248	18.861384381844662
74.2	0.00691118602322424	18.854496501450605	18.86140768747383
74.3	0.003899821023721132	18.85751932612675	18.86141914715047
74.4	0.0018331281628368838	18.859593260621267	18.861426388784103
74.5	0.0008832058516624532	18.860541997487363	18.861425203339024
74.6	0.0010523295817559987	18.8603586234059	18.861410952987658
74.7	0.0020491101859142083	18.85933671500008	18.861385825185994
74.8	0.0034490547875270163	18.857936130626545	18.861385185414072
74.9	0.005237881170356106	18.85614546239567	18.861383343566025
75.0	0.007386966111753221	18.853965762282463	18.861352728394216
75.1	0.009404097697587651	18.851935917981304	18.86134001567889
75.2	0.011095130859283434	18.850256628940613	18.861351759799895
75.3	0.012730767152860856	18.848623512899483	18.861354280052343
75.4	0.014412644030474491	18.84692504668844	18.861337690718916
75.5	0.015951383746055772	18.84538316123969	18.861334544985745
75.6	0.017307464246327228	18.844019552511423	18.86132701675775
75.7	0.018406242591797708	18.84290695445847	18.86131319705027
75.8	0.019066411438322557	18.842238002929335	18.86130441436766
75.9	0.019211200059673767	18.842087606348112	18.861298806407785
76.0	0.018841558395425582	18.842450928515163	18.86129248691059
76.1	0.017929589537317554	18.843355993235544	18.86128558277286
76.2	0.016404556628374253	18.8448823221344	18.861286878762773
76.3	0.014326594106620724	18.846974848026612	18.861301442133232
76.4	0.011967198390666175	18.84935011662681	18.861317315017477
76.5	0.009562183226058311	18.8517623276517	18.861324510877758
76.6	0.007137676863053498	18.854195367203005	18.861333044066058
76.7	0.00474447472906502	18.856614988409127	18.861359463138193
76.8	0.002727784607589796	18.85865642964512	18.86138421425271
76.9	0.0013865122707757667	18.860009762275045	18.86139627454582
77.0	0.0007392117089952384	18.86066810988927	18.861407321598268
77.1	0.0007748248292528906	18.860655490858818	18.86143031568807
77.2	0.0016217935533358373	18.85982055193188	18.861442345485216
77.3	0.0031750816455298056	18.858268121054717	18.861443202700247
77.4	0.005072964250018464	18.85638772793283	18.86146069218285
77.5	0.007181247435630637	18.854315206886707	18.86149645432234
77.6	0.009597547924013903	18.851936544326897	18.86153409225091
77.7	0.012279446556690905	18.849287815955464	18.861567262512153
77.8	0.014897757596843137	18.846714253734092	18.861612011330934
77.9	0.01713009919356877	18.84455115987244	18.86168125906601
78.0	0.018913838920420863	18.84285068832613	18.861764527246553
78.1	0.02027314300240675	18.841580368326376	18.861853511328782
78.2	0.021161276352711197	18.840788567074522	18.861949843427233
78.3	0.021467193178349865	18.840591364734333	18.862058557912682
78.4	0.02110086718759713	18.841085638460907	18.862186505648506
78.5	0.020111666864428314	18.84222124432333	18.862332911187757
78.6	0.018660110068645003	18.843834644662554	18.8624947547312
78.7	0.0169211569272681	18.845737157115742	18.86265831404301
78.8	0.014959697752748476	18.84786188377114	18.86282158152389
78.9	0.012822189844198537	18.850169450916294	18.86299164076049
79.0	0.010753576429002711	18.852400533442236	18.86315410987124
79.1	0.00903823014281902	18.85425507326173	18.86329330340455
79.2	0.007812906488590989	18.855592247767316	18.863405154255908
79.3	0.007090388555279426	18.85640605790863	18.86349644646391
79.4	0.0068964646581734495	18.856682736137603	18.863579200795776
79.5	0.007394042969346783	18.85624032694719	18.863634369916536
79.6	0.008670673281824942	18.854978211524898	18.86364888480672
79.7	0.01065557672222997	18.852981413847257	18.863636990569486
79.8	0.013316550573671765	18.85029105678187	18.863607607355544
79.9	0.016761746384105387	18.846799842876734	18.86356158926084
80.0	0.02114670584593615	18.842351481879476	18.863498187725412
80.1	0.026509212693334665	18.836908232088703	18.863417444782037
80.2	0.0326893256945387	18.830630914902933	18.86332024059747
80.3	0.03938198369324449	18.823838259422676	18.86322024311592
80.4	0.0462980692581129	18.816805632599724	18.86310370185784
80.5	0.053076464052006674	18.809885019145838	18.862961483197846
80.6	0.05930108084561317	18.803490273149368	18.862791353994982
80.7	0.06456382991172671	18.798019113537062	18.86258294344879
80.8	0.06843698731822322	18.79389340183653	18.862330389154753
80.9	0.07054348500353047	18.791484446659364	18.862027931662894
81.0	0.07059561663468183	18.791068319134506	18.861663935769187
81.1	0.0683752419781419	18.792870530731676	18.861245772709818
81.2	0.06383121516177902	18.796950062243567	18.860781277405348
81.3	0.05714539053433857	18.80310741418716	18.860252804721497
81.4	0.04880408903009738	18.810849545782958	18.859653634813053
81.5	0.039627692803881134	18.81939405336953	18.859021746173408
81.6	0.03054786440784649	18.827795348139762	18.85834321254761
81.7	0.022340608053982143	18.835211292804317	18.8575519008583
81.8	0.01552152173277015	18.8411717086584	18.85669323039117
81.9	0.010366999735813481	18.84550325073723	18.855870250473043
82.0	0.007051911135684451	18.848084990888303	18.855136902023986
82.1	0.005796352342926586	18.84869065079441	18.854487003137336
82.2	0.0068662232691439245	18.84704286657759	18.85390908984673
82.3	0.01048759645599369	18.842902402345143	18.853389998801138
82.4	0.01675298203612553	18.836132236837777	18.8528852188739
82.5	0.025548823323050085	18.826827039609146	18.852375862932195
82.6	0.036498293300646516	18.81538352519817	18.851881818498814
82.7	0.049032561875652594	18.80237525694548	18.851407818821134
82.8	0.06252475559540455	18.78844682326514	18.850971578860545
82.9	0.07632485332374556	18.77419722987184	18.85052208319559
83.0	0.08953459139699432	18.76046486701045	18.849999458407446
83.1	0.10114204135789044	18.748372595685957	18.849514637043846
83.2	0.11054244488498126	18.73861148797987	18.84915393286485
83.3	0.11735145436887075	18.731438756537727	18.8487902109066
83.4	0.12118932362604881	18.72708629261659	18.84827561624264
83.5	0.12176460035223276	18.72594992429756	18.847714524649792
83.6	0.1189037518352213	18.728463237641808	18.84736698947703
83.7	0.11288214902739191	18.734517481550196	18.847399630577588
83.8	0.10449181228312172	18.74334686252102	18.84783867480414
83.9	0.09439952619407309	18.754336689540434	18.848736215734508
84.0	0.08241330321673566	18.767673755083493	18.85008705830023
84.1	0.06871775636158704	18.78300136694396	18.851719123305546
84.2	0.05459093132350439	18.799021269693352	18.853612201016855
84.3	0.04135278052934673	18.81428224946666	18.85563502999601
84.4	0.0303268888705909	18.827425465180163	18.857752354050753
84.5	0.02324272491014322	18.836560223771098	18.859802948681242
84.6	0.021414892400756114	18.84028478853857	18.861699680939324
84.7	0.02586562257316284	18.83742800561824	18.863293628191403
84.8	0.03670202468635607	18.82783474453233	18.864536769218684
84.9	0.053469073317769275	18.81197707851652	18.865446151834288
85.0	0.07566158853004276	18.79028743966635	18.865949028196393
85.1	0.10257745975988125	18.763580641605913	18.866158101365794
85.2	0.1325998815714874	18.733547365907654	18.86614724747914
85.3	0.16502149764109053	18.7010513398234	18.866072837464493
85.4	0.1992738403553809	18.666576948166032	18.865850788521414
85.5	0.23221541920182331	18.633684559804784	18.865899979006606
85.6	0.2610805891483276	18.60519628273521	18.86627687188354
85.7	0.28455002245589356	18.582351909323286	18.86690193177918
85.8	0.30276996831944925	18.564481977641996	18.867251945961446
85.9	0.315203039407549	18.55186692748878	18.86706996689633
86.0	0.3204923447990137	18.546033403623674	18.86652574842269
86.1	0.31720204597392115	18.54890831069295	18.866110356666873
86.2	0.30703647879803597	18.558837894921453	18.86587437371949
86.3	0.2951876285008767	18.5702287982082	18.865416426709075
86.4	0.28462888809754555	18.580098594139436	18.864727482236983
86.5	0.2735361416314516	18.59033930922331	18.863875450854763
86.6	0.25930462413660355	18.603755372962073	18.863059997098677
86.7	0.24397228924997777	18.618333509605456	18.862305798855434
86.8	0.23273399217035068	18.62884163497918	18.86157562714953
86.9	0.22896003093525516	18.63180661425187	18.860766645187127
87.0	0.23536702938103413	18.62456782574232	18.859934855123356
87.1	0.2504240960355104	18.608823755473164	18.859247851508673
87.2	0.2697086449355246	18.5885742307818	18.85828287571732
87.3	0.2928046217233037	18.565010882318916	18.857815504042218
87.4	0.32206135087255533	18.53707562665071	18.859136977523267
87.5	0.3562540908817623	18.502756310763168	18.85901040164493
87.6	0.39536871100428267	18.464245404592866	18.85961411559715
87.7	0.4476337295819796	18.412432269120245	18.860065998702225
87.8	0.5096830467919149	18.351125506074666	18.86080855286658
87.9	0.579385653456499	18.28219221937533	18.861577872831827
88.0	0.6486238966802272	18.213013824333046	18.861637721013274
88.1	0.7075517757916655	18.152100525277362	18.859652301069026
88.2	0.7501996520486207	18.108727398256654	18.858927050305276
88.3	0.7754273164915336	18.084138261335642	18.859565577827176
88.4	0.7879801053641149	18.07359025922597	18.861570364590087
88.5	0.7858339064995438	18.075903474350728	18.861737380850272
88.6	0.766785326333343	18.09848682933211	18.86527215566545
88.7	0.7340111311999247	18.13183232372986	18.865843454929784
88.8	0.6937017520624205	18.173438481235948	18.867140233298368
88.9	0.6513811783639138	18.22128817401937	18.872669352383284
89.0	0.606084692124215	18.267639258969943	18.87372395109416
89.1	0.5561222261227805	18.320725871104226	18.876848097227008
89.2	0.5023344499033068	18.379284045988573	18.88161849589188
89.3	0.44938449312834544	18.437867106222814	18.88725159935116
89.4	0.4033929047386873	18.49080512071594	18.894198025454628
89.5	0.365283563586162	18.534603399071337	18.899886962657497
89.6	0.3384221117663971	18.565960427653334	18.904382539419732
89.7	0.32940649016427853	18.579656125351818	18.909062615516095
89.8	0.3415649093667932	18.573720589972268	18.91528549933906
89.9	0.37287534345876394	18.549452838823477	18.92232818228224
90.0	0.42371630193307963	18.503308848191022	18.927025150124102
90.1	0.4928039479168072	18.44039037522759	18.9331943231444
90.2	0.5788142647437065	18.360327245708227	18.939141510451933
90.3	0.673052327247562	18.269859590037154	18.942911917284714
90.4	0.7659296518345764	18.178376419668986	18.94430607150356
90.5	0.8454302082333828	18.094805474679614	18.940235682912995
90.6	0.9027304014918651	18.03084387290107	18.933574274392935
90.7	0.9312643560319109	17.98656104427095	18.91782540030286
90.8	0.9202733227185363	17.98244485896556	18.902718181684097
90.9	0.8877577396597613	17.998108276612914	18.885866016272676
91.0	0.8391823774811371	18.0392075301672	18.878389907648337
91.1	0.7996755936965606	18.057603991907417	18.857279585603976
91.2	0.7233263401627914	18.124308027795664	18.847634367958456
91.3	0.6452223027450529	18.187579877924275	18.83280218066933
91.4	0.5804855152560877	18.23348950039681	18.813975015652897
91.5	0.49580185177212815	18.29548831029169	18.79129016206382
91.6	0.4532857936978788	18.316206327444338	18.769492121142218
91.7	0.4449342587858802	18.296428378397476	18.741362637183357
91.8	0.4548107372483366	18.25247639443734	18.70728713168568
91.9	0.4582305159831237	18.22920259238139	18.687433108364516
92.0	0.48163083263198764	18.175646667819624	18.657277500451613
92.1	0.48211809966059016	18.17080181928148	18.652919918942068
92.2	0.45503897127438736	18.212724304075035	18.667763275349422
92.3	0.442157137066544	18.239679862299248	18.681836999365792
92.4	0.425403894052281	18.26584148840325	18.69124538245553
92.5	0.4054226290481715	18.285812841536163	18.691235470584335
92.6	0.3867255287893828	18.292270551975115	18.6789960807645
92.7	0.3930960417074017	18.26531609700979	18.658412138717193
92.8	0.4203756992195558	18.231411754813102	18.651787454032657
92.9	0.480431503121103	18.171998626854755	18.65243012997586
93.0	0.5548001409432446	18.091161169819056	18.6459613107623
93.1	0.6333259505606741	17.998729893943555	18.63205584450423
93.2	0.6852882375948651	17.961832905543925	18.64712114313879
93.3	0.6764949637123794	17.98616937812518	18.66266434183756
93.4	0.6079612436095612	18.04635978360319	18.654321027212752
93.5	0.497361124114662	18.141253880885902	18.638615005000563
93.6	0.38752765512700876	18.23895273270725	18.62648038783426
93.7	0.28146740881750126	18.32313583536354	18.604603244181042
93.8	0.19174554198820978	18.408793461691715	18.600539003679923
93.9	0.1439731041389654	18.44778291839604	18.591756022535005
94.0	0.1621944183232696	18.404874403432085	18.567068821755356
94.1	0.1947844466406605	18.334662287953496	18.529446734594156
94.2	0.21472334955673322	18.269369219195898	18.484092568752633
94.3	0.20452800622114445	18.249302784012208	18.453830790233354
94.4	0.15526630409186054	18.249587482075814	18.404853786167674
94.5	0.1243152579603983	18.213503324834324	18.33781858279472
94.6	0.12247703350230767	18.179430362433738	18.301907395936045
94.7	0.12918083739289105	18.153388028127214	18.282568865520105
94.8	0.14731309363391584	18.129306414940473	18.276619508574388
94.9	0.164789710852489	18.115489136606826	18.280278847459314
95.0	0.1898674287127167	18.07741422826114	18.267281656973857
95.1	0.2171816433929404	18.046748509528882	18.263930152921823
95.2	0.20987268960263666	18.09052092977483	18.300393619377466
95.3	0.2568103214485704	18.079389577299978	18.336199898748546
95.4	0.26522689483488293	18.14057369219786	18.405800587032743
95.5	0.31500362308449964	18.052012922275118	18.36701654535962
95.6	0.4503576844981535	17.76350334597374	18.213861030471893
95.7	0.48153583402647876	17.70539447756446	18.186930311590938
95.8	0.4585040143009328	17.796326478864312	18.254830493165244
95.9	0.542000077321201	17.963924576260286	18.505924653581488
96.0	0.6627911229216217	18.077552081696634	18.740343204618256
96.1	0.8276161666326818	18.109576057925512	18.937192224558196
96.2	0.9816657972277827	18.101613668106907	19.08327946533469
96.3	0.9680949907345702	18.082545495497452	19.050640486232023
96.4	0.8751073947999151	18.13425120188307	19.009358596682986
96.5	0.8809144770765909	18.002740590976455	18.883655068053045
96.6	1.0448212529610708	17.81752654551753	18.862347798478602
96.7	1.174037862445147	17.756334940974757	18.930372803419903
96.8	1.1589772358395032	17.81099335639763	18.969970592237136
96.9	1.105074477769909	17.927124010307587	19.032198488077498
97.0	0.9864913158529803	17.991356963856074	18.977848279709054
97.1	0.9551120058586803	18.05921240981203	19.01432441567071
97.2	1.0430194525094232	17.964352457268884	19.007371909778307
97.3	1.1693913213533265	17.782517737330632	18.95190905868396
97.4	1.2357225083672203	17.691540516613156	18.927263024980377
97.5	1.347983022313699	17.581558325093482	18.92954134740718
97.6	1.7094311335144041	17.480270039865683	19.189701173380087
97.7	2.1577360150579326	17.10412618822763	19.261862203285563
97.8	2.4985063595523025	16.74371262697287	19.24221898652517
97.9	2.597530329687889	16.777702507039955	19.375232836727843
98.0	2.34758071234266	17.307614241898484	19.655194954241146
98.1	2.001276356815312	17.73195230891949	19.7332286657348
98.2	1.72049740838414	17.96627519325816	19.6867726016423
98.3	1.5009566590628236	18.076984178276046	19.57794083733887
98.4	1.4453522043483953	18.126899146275548	19.572251350623944
98.5	1.4402212501591105	18.10976192384774	19.549983174006847
98.6	1.5604785728177208	17.941559262015193	19.502037834832915
98.7	1.763155903474757	17.66043647518806	19.423592378662818
98.8	1.7575158432663243	17.64578617856789	19.403302021834214
98.9	1.8133190944866118	17.495527740669715	19.308846835156327
99.0	1.5756301647396285	17.79993334199147	19.375563506731098
99.1	1.5228767129443062	17.96678323206387	19.489659945008178
99.2	1.5207904975473634	17.97777229816181	19.498562795709173
99.3	1.606177431145162	17.708649721877947	19.31482715302311
99.4	1.5854266739766032	17.72621063931387	19.311637313290472
99.5	1.7671076469739864	17.567134137408544	19.33424178438253
99.6	1.4762774022337206	17.56170834872867	19.037985750962388
99.7	0.9594098850308143	17.81331867623953	18.772728561270345
99.8	0.9032194833942963	17.650368734212748	18.553588217607043
99.9	0.7354261473350011	17.773085690508143	18.508511837843145
100.0	0.7903314562106382	17.593106023722058	18.383437479932695
diff=1.546298354143861
