# dt=0.01 eps=0.5 size1_sp=32 size2_sp=32 size_v1=32 size_v2=32
# sp1 : from 0.0 to 12.566370614359172
# sp2 : from 0.0 to 12.566370614359172
# v1 : from -6.0 to 6.0
# v2 : from -6.0 to 6.0
# interpolation : Lagrange{Double64, true} order=5
# type=Double64 precision = 106
# timeopt=MPIOpt
# nb process : 16
typeof(data)=Array{Double64,4} size(data)=(32, 32, 32, 32)
#time	el-energy	kinetic-energy	global-energy
0.0	162.84847081532047	157.91363816690782	320.76210898222826
0.01	162.82602772808457	157.9360927250759	320.76212045316043
0.02	162.75869496983597	158.00344786461136	320.76214283444733
0.03	162.64651776318945	158.1156819526359	320.7621997158253
0.04	162.48957143708276	158.27275890353926	320.762330340622
0.05	162.2879613474983	158.47462814457782	320.76258949207613
0.06	162.04182276667044	158.72122456800835	320.7630473346788
0.07	161.75132074099238	159.01246847004265	320.76378921103503
0.08	161.416649917897	159.34826547698813	320.7649153948851
0.09	161.0380343420435	159.7285064590175	320.76654080106096
0.1	160.6157272212007	160.1530674320859	320.7687946532866
0.11	160.15001066227308	160.62180944858795	320.77182011086103
0.12	159.64119537797058	161.1345784774172	320.77577385538774
0.13	159.0896203646755	161.6912052741585	320.780825638834
0.14	158.49565255211144	162.291505242209	320.7871577943205
0.15	157.85968642546626	162.9352782856829	320.79496471114913
0.16	157.18214362066902	163.62230865501388	320.80445227568293
0.17	156.46347249356324	164.35236478622164	320.8158372797849
0.18	155.70414766376066	165.1251991348569	320.82934679861756
0.19	154.9046695339986	165.94054800568594	320.84521753968454
0.2	154.06556378585833	166.79813137921312	320.8636951650714
0.21	153.18738085273696	167.69765273617685	320.8850335889138
0.22	152.270695370993	168.63879888118373	320.9094942521767
0.23	151.31610561021432	169.62123976667124	320.93734537688556
0.24	150.32423288358066	170.64462831840973	320.96886120199036
0.25	149.29572093931384	171.70860026376963	321.00432120308346
0.26	148.23123533422643	172.81277396398994	321.0440092982164
0.27	147.1314627903952	173.95675025168939	321.0882130420846
0.28	145.99711053599682	175.14011227486145	321.1372228108583
0.29	144.8289056313527	176.36242534859016	321.19133097994285
0.3	143.62759428123576	177.62323681571274	321.2508310969485
0.31	142.39394113449453	178.9220759176423	321.31601705213683
0.32	141.12872857205147	180.2584536765426	321.38718224859406
0.33	139.83275598432868	181.63186279002508	321.46461877435377
0.34	138.5068390391504	183.04177753950904	321.54861657865945
0.35	137.15180894116324	184.48765371335372	321.639462654517
0.36	135.768511683806	185.9689285458359	321.7374402296419
0.37	134.35780729484853	187.48502067300473	321.8428279678532
0.38	132.920569076504	189.03533010640433	321.95589918290835
0.39	131.45768284110412	190.61923822560547	322.0769210667096
0.4	129.97004614330692	192.23610779043938	322.2061539337463
0.41	128.45856750978768	193.8852829737737	322.34385048356137
0.42	126.92416566734173	195.56608941561464	322.49025508295637
0.43	125.36776877030401	197.2778342992625	322.6456030695665
0.44	123.79031362816661	199.01980645018818	322.81012007835477
0.45	122.19274493424896	200.79127645823615	322.98402139248515
0.46	120.57601449624882	202.59149682369792	323.16751131994675
0.47	118.94108046947414	204.41970212773418	323.3607825972083
0.48	117.28890659352749	206.2751092275608	323.5640158210883
0.49	115.62046143318497	208.15691747674637	323.7773789099314
0.5	113.93671762418197	210.0643089709043	324.0010265950863
0.51	112.23865112458755	211.9964488189948	324.2350999435823
0.52	110.52724047241873	213.9524854403872	324.4797259128059
0.53	108.803466050115	215.93155088776612	324.73501693788114
0.54	107.06830935646266	217.93276119589953	325.0010705523622
0.55	105.3227522865271	219.95521675622268	325.27796904274976
0.56	103.56777642012167	221.99800271712704	325.5657791372487
0.57	101.80436231930963	224.06018940978174	325.8645517290914
0.58	100.03348883540697	226.14083279925254	326.1743216346595
0.59	98.25613242592345	228.23897496062355	326.495107386547
0.6	96.47326648184988	230.3536445797692	326.82691106161906
0.61	94.68586066567158	232.48385747836636	327.1697181440379
0.62	92.89488026045969	234.62861716268185	327.5234974231415
0.63	91.1012855303645	236.78691539561822	327.88820092598274
0.64	89.3060310928092	238.95773279144927	328.2637638842585
0.65	87.51006530265629	241.140039432628	328.6501047352843
0.66	85.71432964859434	243.3327955080041	329.04712515659844
0.67	83.91975816196955	245.53495197174286	329.4547101337124
0.68	82.12727683826274	247.74545122219598	329.8727280604587
0.69	80.33780307139203	249.9632277999352	330.3010308713272
0.7	78.55224510099951	252.18720910412245	330.73945420512194
0.71	76.77150147286169	254.41631612635567	331.1878175992174
0.72	74.99646051254416	256.6494642010964	331.64592471364057
0.73	73.22799981240405	258.88556377175604	332.1135635841601
0.74	71.46698573202734	261.1235211714893	332.59050690351665
0.75	69.7142729121731	263.3622394177186	333.0765123298917
0.76	67.97070380228244	265.60061901938974	333.5713228216722
0.77	66.23710820159731	267.8375587959382	334.0746669975355
0.78	64.51430281392233	270.07195670692744	334.58625952084975
0.79	62.803090816052105	272.30271069130396	335.10580150735603
0.8	61.10426143987679	274.52871951519893	335.6329809550757
0.81	59.418589568170205	276.7488836271949	336.1674731953651
0.82	57.746835344057025	278.9621060199653	336.70894136402234
0.83	56.089743794148895	281.16729309718596	337.25703689133485
0.84	54.44804446533391	283.3633555446126	337.8114000099465
0.85	52.82245107519874	285.54920920421137	338.37166027941015
0.86	51.21366117605904	287.7237759502295	338.93743712628856
0.87	49.62235583257036	289.8859845660893	339.50834039865964
0.88	48.049199312889655	292.03477162099136	340.08397093388106
0.89	46.49483879335541	294.1690823451135	340.6639211384689
0.9	44.95990407665374	296.2878715022956	341.24777557894936
0.91	43.44500732343676	298.3901042591073	341.8351115825441
0.92	41.95074279735996	300.47475704919924	342.4254998465592
0.93	40.47768662350527	302.54081843184895	343.01850505535424
0.94	39.026396560157586	304.58728994362	343.6136865037776
0.95	37.59741178390312	306.6131869420651	344.2105987259682
0.96	36.191252688019496	308.61753944041385	344.80879212843337
0.97	34.80842069412861	310.59939293220054	345.4078136263292
0.98	33.44939807708462	312.5578092048011	346.00720728188577
0.99	32.11464780307103	314.4918671408634	346.6065149439344
1.0	30.804613380881662	316.400663506632	347.2052768875136
1.01	29.519718726361873	318.2833137261872	347.8030324525491
1.02	28.260368039986833	320.13895264063564	348.39932068062245
1.03	27.02694569755445	321.9667352513107	348.9936809488651
1.04	25.819816153970613	323.7658374460626	349.58565360003325
1.05	24.639323860104337	325.53545670773974	350.17478056784404
1.06	23.485793192689457	327.2748128039859	350.7606059966754
1.07	22.359528397248575	328.98314845750525	351.34267685475385
1.08	21.260813544013015	330.65972999596795	351.920543539981
1.09	20.18991249681024	332.3038479807613	352.4937604775715
1.1	19.147068894887227	333.91481781381526	353.0618867087025
1.11	18.132506147634647	335.49198032176207	353.6244864693967
1.12	17.146427442172516	337.03470231671855	354.1811297588911
1.13	16.189015763753	338.54237713301177	354.73139289676476
1.14	15.26043392893061	340.01442513919875	355.2748590681294
1.15	14.360824631443787	341.4502942247652	355.81111885620896
1.16	13.490310500745231	342.84946026092024	356.3397707616655
1.17	12.648994173110879	344.21142753493933	356.8604217080502
1.18	11.836958375249749	345.53572915754063	357.37268753279034
1.19	11.054266020328495	346.8219274428166	357.87619346314506
1.2	10.300960316315837	348.0696142602769	358.3705745765928
1.21	9.577064886543043	349.2784113585942	358.85547624513725
1.22	8.882583902367376	350.44797066067963	359.33055456304703
1.23	8.21750222781599	351.5779745297511	359.7954767575671
1.24	7.581785576078369	352.6681360060898	360.24992158216816
1.25	6.975380677705988	353.7181990142174	360.6935796919234
1.26	6.3982154603687285	354.7279385402566	361.1261540006254
1.27	5.850199240008813	355.6971607792729	361.5473600192817
1.28	5.331222923224681	356.62570325242353	361.9569261756482
1.29	4.841159220709704	357.51343489377217	362.35459411448187
1.3	4.379862871563937	358.36025610665257	362.7401189782165
1.31	3.947170878291638	359.16609878949333	363.11326966778495
1.32	3.5429027522932106	359.93092633103817	363.4738290833314
1.33	3.1668607696579754	360.6547335749192	363.8215943445772
1.34	2.8188302370640845	361.337546753559	364.1563769906231
1.35	2.4985797675945283	361.97942339418927	364.4780031617838
1.36	2.2058615662838013	362.58045222146905	364.7863137877528
1.37	1.9404117252209252	363.1407529277338	365.0811646529547
1.38	1.7019505280386198	363.660476207301	365.3624267353396
1.39	1.4901827636245066	364.1398032024035	365.6299859660281
1.4	1.304798048938329	364.5789457702989	365.8837438192372
1.41	1.1454711608785526	364.9781458232666	366.12361698414514
1.42	1.0118623772077417	365.33767445298565	366.34953683019336
1.43	0.903617826556795	365.65783284764694	366.56145067420374
1.44	0.8203698475409549	365.9389514604008	366.7593213079418
1.45	0.7617373572217703	366.18138937234227	366.943126729564
1.46	0.7273262292905689	366.3855342417563	367.1128604710469
1.47	0.7167296823932137	366.551801151701	367.26853083409424
1.48	0.729528679352171	366.68063282732095	367.41016150667315
1.49	0.765292338165657	366.7725000567981	367.5377923949638
1.5	0.8235783561267204	366.8278990588935	367.6514774150202
1.51	0.9039334486093399	366.84735343965974	367.7512868882691
1.52	1.005893804868963	366.83141230658117	367.8373061114502
1.53	1.1289855635088983	366.78065045656473	367.9096360200736
1.54	1.2727253115744457	366.6956665500118	367.96839186158627
1.55	1.4366206117487341	366.57708772026524	368.013708332014
1.56	1.6201705639161115	366.42556304761365	368.0457336115298
1.57	1.822866408937787	366.24177059720427	368.06463700614205
1.58	2.044192184932543	366.02641539581305	368.07060758074556
1.59	2.283625448112891	365.7802317680765	368.0638572161894
1.6	2.5406380767216645	365.5039602409142	368.04459831763586
1.61	2.814697181829476	365.19835777094903	368.0130549527785
1.62	3.10526615044031	364.86421474094624	367.9694808913865
1.63	3.4118058575025163	364.5023465103639	367.91415236786645
1.64	3.7337760970129765	364.1135917915422	367.8473678885552
1.65	4.0706372962819595	363.6988153484284	367.7694526447103
1.66	4.421852598800066	363.2589086638577	367.68076126265777
1.67	4.7868904305275475	362.7947921861723	367.5816826166999
1.68	5.165227705579748	362.3074186525197	367.47264635809944
1.69	5.556353885718933	361.7977779129652	367.35413179868414
1.7	5.959776192368917	361.2669038032344	367.2266799956033
1.71	6.375026393277313	360.715883720906	367.0909101141833
1.72	6.801669769169328	360.1458715778929	366.9475413470622
1.73	7.239317141371628	359.55810457394904	366.7974217153207
1.74	7.687641261062784	358.9539234414962	366.641564702559
1.75	8.146399506652951	358.33479382426526	366.48119333091825
1.76	8.615465838930085	357.7023220764247	366.31778791535476
1.77	9.094876533990726	357.05824977294816	366.1531263069389
1.78	9.584896688566273	356.40439349656157	365.98929018512786
1.79	10.086118412918015	355.74246253194457	365.82858094486255
1.8	10.59960786518028	355.07362346358246	365.67323132876277
1.81	11.127128243384837	354.39756319137297	365.5246914347578
1.82	11.671481803978555	353.71058759574737	365.3820693997259
1.83	12.23703957798605	353.00205380469373	365.23909338267975
1.84	12.830568712017236	352.2568842172988	365.08745292931604
1.85	13.462533573328452	351.44654752969615	364.90908110302456
1.86	14.14915356416316	350.51759984772735	364.6667534118905
1.87	14.915671366408796	349.33416057133724	364.249831937746
1.88	15.801561244590237	347.6141251554571	363.4156864000473
1.89	16.86885478264124	344.7890596321509	361.6579144147921
1.9	18.215485588466418	339.78946734570485	358.0049529341713
1.91	19.99670288348905	330.76402942246375	350.7607323059528
1.92	22.459469609757946	314.4080632313	336.86753284105794
1.93	25.997795873274256	284.9137194783266	310.9115153516008
1.94	31.241599910364332	232.30621170164315	263.5478116120075
1.95	39.19954586199212	139.77227905779466	178.9718249197868
1.96	51.48846390736216	-20.410143914975805	31.07831999238635
1.97	70.7007771222823	-292.2169572944028	-221.5161801721205
1.98	100.99350379082661	-751.2595094166472	-650.2660056258206
1.99	149.0308088411838	-1526.4873443329966	-1377.4565354918127
2.0	225.486142430204	-2832.075541808491	-2606.589399378287
2.01	347.4503282384691	-5056.073842214172	-4708.623513975704
2.02	542.3178278620451	-8933.832641838051	-8391.514813976006
2.03	854.1008806908835	-15891.1810251404	-15037.080144449517
2.04	1353.9088551976586	-28765.700480435567	-27411.79162523791
2.05	2158.4445608151204	-53441.7788205563	-51283.33425974118
2.06	3466.35399792648	-102816.37744595467	-99350.02344802818
2.07	5643.097070733425	-205740.75174499064	-200097.65467425724
2.08	9476.868575296803	-427784.1879835902	-418307.3194082934
2.09	17150.18020234259	-919768.0233560079	-902617.8431536653
2.1	35886.25822471091	-1.999261490453928e6	-1.9633752322292172e6
2.11	81743.63918839581	-3.995708471673734e6	-3.913964832485338e6
2.12	163700.8123539393	-6.766203187880514e6	-6.602502375526574e6
2.13	275089.01164286677	-9.792058366624098e6	-9.516969354981232e6
2.14	418356.3157137233	-1.30693157715618e7	-1.2650959455848075e7
2.15	593808.6697882512	-1.6688553094727961e7	-1.609474442493971e7
2.16	789222.6583003554	-2.0264031051981453e7	-1.9474808393681098e7
2.17	996745.8639868093	-2.3232385346515458e7	-2.223563948252865e7
2.18	1.2238001835219264e6	-2.477066246695378e7	-2.3546862283431854e7
2.19	1.4908828845042496e6	-2.4979020303614203e7	-2.348813741910995e7
2.2	1.814485710595194e6	-2.4975300621003293e7	-2.31608149104081e7
2.21	2.2042690672075846e6	-2.611971445088858e7	-2.3915445383680996e7
2.22	2.6147128846873846e6	-2.5841236260286126e7	-2.322652337559874e7
2.23	3.044953170571338e6	-2.796549654390781e7	-2.492054337333647e7
2.24	3.2947261495092157e6	-2.6286946053401913e7	-2.2992219903892696e7
2.25	3.2898159918454634e6	-2.3569810558990847e7	-2.027999456714538e7
2.26	3.1983249976735474e6	-1.9595759569573954e7	-1.6397434571900405e7
2.27	3.0913852029748657e6	-1.2513994712261703e7	-9.422609509286838e6
2.28	3.130327076685083e6	-1.0113826632269125e7	-6.983499555584041e6
2.29	3.2897964263945664e6	-1.2154762170763716e7	-8.86496574436915e6
2.3	3.4526811773621724e6	-1.469564554295564e7	-1.1242964365593469e7
2.31	3.3972867163159642e6	-1.3372381155524932e7	-9.975094439208968e6
2.32	3.198912078056488e6	-1.1219834954441847e7	-8.02092287638536e6
2.33	3.152022882293366e6	-9.545333801215308e6	-6.393310918921942e6
2.34	3.1856123708368163e6	-9.334220520323798e6	-6.148608149486981e6
2.35	3.1727369821152175e6	-8.465781802363914e6	-5.293044820248696e6
2.36	3.096875022603125e6	-8.159975263201238e6	-5.063100240598112e6
2.37	3.0348161073067333e6	-6.739664348869918e6	-3.7048482415631847e6
2.38	3.0024584977926253e6	-5.763512784931538e6	-2.761054287138912e6
2.39	3.001008820705036e6	-4.0741865819312152e6	-1.0731777612261793e6
2.4	3.0616953906210144e6	-4.491446820718514e6	-1.429751430097499e6
2.41	3.0995424497298305e6	-4.541959252830578e6	-1.4424168031007475e6
2.42	3.1506947360322746e6	-4.272616790789928e6	-1.1219220547576535e6
2.43	3.2607518926772145e6	-5.422369263248227e6	-2.1616173705710126e6
2.44	3.3757783241572585e6	-5.8870053918825155e6	-2.511227067725257e6
2.45	3.4245036995537733e6	-6.235668610606385e6	-2.811164911052612e6
2.46	3.4058872673895103e6	-5.644830982078581e6	-2.2389437146890704e6
2.47	3.309566668563922e6	-3.5841285186050315e6	-274561.85004110925
2.48	3.272590452866395e6	-3.603203179743368e6	-330612.72687697306
2.49	3.3364976198739572e6	-4.931016704205903e6	-1.5945190843319462e6
2.5	3.3458918208053126e6	-5.751071435534962e6	-2.4051796147296494e6
2.51	3.3035280566716343e6	-5.524310562494812e6	-2.2207825058231778e6
2.52	3.246776065738853e6	-4.394270575311451e6	-1.1474945095725986e6
2.53	3.1932090154271526e6	-3.072640747253955e6	120568.26817319766
2.54	3.191837905347792e6	-3.417044166538075e6	-225206.26119028314
2.55	3.1946861123061953e6	-3.950663115029506e6	-755977.0027233104
2.56	3.1477340265140277e6	-2.9785560351523147e6	169177.99136171318
2.57	3.104246770506099e6	-1.7530725626790237e6	1.3511742078270752e6
2.58	3.0848361316557606e6	-1.1802473600077915e6	1.904588771647969e6
2.59	3.0852853223109026e6	-1.2313510330637377e6	1.853934289247165e6
2.6	3.1259897458620574e6	-1.658105308644227e6	1.4678844372178304e6
2.61	3.2057353475732934e6	-2.4106032215453284e6	795132.1260279649
2.62	3.2696588188214786e6	-2.948952718345971e6	320706.10047550814
2.63	3.2565972278383067e6	-3.066630108004773e6	189967.11983353336
2.64	3.1867741756143286e6	-2.4348863393117636e6	751887.836302565
2.65	3.136333627369549e6	-1.9336349803198318e6	1.2026986470497174e6
2.66	3.1143026730649653e6	-1.5527063619955955e6	1.5615963110693695e6
2.67	3.1183606325179767e6	-1.9186199458257935e6	1.1997406866921834e6
2.68	3.140411581390312e6	-2.3922750475228066e6	748136.5338675054
2.69	3.1573033798318026e6	-2.046802477324508e6	1.1105009025072947e6
2.7	3.1477912189565236e6	-2.2419484205475748e6	905842.7984089489
2.71	3.128457715708476e6	-2.7510106074503474e6	377447.10825812863
2.72	3.0962155492498456e6	-2.493070287000109e6	603145.2622497367
2.73	3.0583724273441494e6	-1.670973216726778e6	1.3873992106173714e6
2.74	3.028705406877703e6	-1.1450095597873146e6	1.8836958470903886e6
2.75	3.0100757531136503e6	-1.0652754843702407e6	1.9448002687434095e6
2.76	3.016955271338904e6	-1.2694235051258034e6	1.7475317662131002e6
2.77	3.0416038693483453e6	-1.8190287063569524e6	1.2225751629913931e6
2.78	3.0871145377479284e6	-2.6177539861690416e6	469360.5515788867
2.79	3.122867203453776e6	-2.9281830359527045e6	194684.16750107138
2.8	3.122949985299188e6	-2.35925165370108e6	763698.3315981085
2.81	3.1224284210448763e6	-1.6771460384866097e6	1.4452823825582669e6
2.82	3.14119285381803e6	-1.6867997822022852e6	1.454393071615745e6
2.83	3.164991430216489e6	-1.9043014310307205e6	1.2606899991857687e6
2.84	3.164118209639865e6	-2.082029193519638e6	1.0820890161202273e6
2.85	3.123350263877324e6	-2.0669307785319332e6	1.0564194853453904e6
2.86	3.0735571526890486e6	-1.8301465771103562e6	1.2434105755786924e6
2.87	3.0693568522906643e6	-1.8277657265313293e6	1.241591125759335e6
2.88	3.106002817904133e6	-2.0805262824762808e6	1.0254765354278521e6
2.89	3.133654664626538e6	-2.417303801465096e6	716350.863161442
2.9	3.127013414972475e6	-1.9955242190846598e6	1.131489195887815e6
2.91	3.0946389416568745e6	-1.557744099963504e6	1.5368948416933706e6
2.92	3.064574721063725e6	-1.44204836939428e6	1.6225263516694454e6
2.93	3.065749855984977e6	-2.014391786536071e6	1.051358069448906e6
2.94	3.0740499302465636e6	-2.0962740932136283e6	977775.8370329355
2.95	3.060928012119131e6	-1.8232134278966088e6	1.2377145842225223e6
2.96	3.0425369073138004e6	-1.3846551445368421e6	1.6578817627769583e6
2.97	3.025945559214742e6	-1.3294020627584686e6	1.6965434964562731e6
2.98	3.0131357431942835e6	-1.2947574017745927e6	1.7183783414196908e6
2.99	3.005383163136345e6	-1.264713838185535e6	1.7406693249508098e6
3.0	2.9991514991286946e6	-1.3147175148250533e6	1.6844339843036414e6
3.01	2.991967447929072e6	-1.4120639716162574e6	1.579903476312815e6
3.02	2.9922615365874483e6	-1.5672262482142553e6	1.4250352883731928e6
3.03	3.0036497215465913e6	-1.6851511846188374e6	1.3184985369277536e6
3.04	3.0111306285072844e6	-1.6121394161729987e6	1.3989912123342857e6
3.05	3.0162847924627187e6	-1.853520215533515e6	1.162764576929204e6
3.06	3.020420314416152e6	-1.9647064298937751e6	1.0557138845223768e6
3.07	3.027461433286781e6	-1.9934942168399566e6	1.0339672164468244e6
3.08	3.0485890338586e6	-1.9109508011569064e6	1.137638232701694e6
3.09	3.078737570578029e6	-1.8894581293330898e6	1.1892794412449393e6
3.1	3.110508976413347e6	-1.9192757841801124e6	1.1912331922332346e6
3.11	3.1555744204174513e6	-2.0596603308131075e6	1.0959140896043438e6
3.12	3.2004056651593884e6	-2.420109588313747e6	780296.0768456414
3.13	3.22094953817709e6	-2.5125248196571073e6	708424.7185199831
3.14	3.2238600942852385e6	-2.772611254153353e6	451248.8401318852
3.15	3.223780510630253e6	-2.8192964284186615e6	404484.082211591
3.16	3.221383303567612e6	-2.3859149489912097e6	835468.3545764023
3.17	3.2295960446324614e6	-1.8543710169965446e6	1.3752250276359168e6
3.18	3.2238476356989574e6	-1.7866168953688971e6	1.4372307403300605e6
3.19	3.2221837769512576e6	-1.8050723069412757e6	1.4171114700099817e6
