# dt=0.1 eps=0.5 size1_sp=64 size2_sp=64 size_v1=64 size_v2=64
# sp1 : from 0.0 to 12.566370614359172
# sp2 : from 0.0 to 12.566370614359172
# v1 : from -6.0 to 6.0
# v2 : from -6.0 to 6.0
# interpolation : Lagrange{Float64, true} order=51
# type=Float64 precision = 53
# nb threads : 4
typeof(data)=Array{Float64,4} size(data)=(64, 64, 64, 64)
#time	el-energy	kinetic-energy	global-energy
0.0	162.84847119614588	157.91364451148158	320.76211570762746
0.1	160.61336234907284	160.16416203031696	320.7775243793898
0.2	154.05660294681408	166.84192218646595	320.89852513328003
0.30000000000000004	143.60868273765269	177.7195863984145	321.3282691360672
0.4	129.93912714057242	192.4019594334743	322.3410865740467
0.5	113.89326929980813	210.31255057748663	324.20581987729474
0.6000000000000001	96.41834139678653	230.69212231219004	327.11046370897657
0.7000000000000001	78.48833268132906	252.61803375974617	331.10636644107524
0.8	61.03501323838861	275.0479924878487	336.08300572623733
0.9	44.8897673858155	296.88590072805493	341.77566811387044
1.0	30.738414508109674	317.062667167741	347.80108167585064
1.1	19.08957992020847	334.6220494619347	353.71162938214314
1.2000000000000002	10.256477576819117	348.8008013620694	359.05727893888854
1.3	4.3518226523303944	359.09322463288106	363.44504728521144
1.4000000000000001	1.2954494381146706	365.2922840421864	366.58773348030104
1.5	0.833684741609612	367.5023778431216	368.3360625847312
1.6	2.568705899769957	366.1221546947785	368.69086059454844
1.7000000000000002	5.995444776735951	361.79890018236705	367.794344959103
1.8	10.54339977747048	355.35891278806736	365.90231256553784
1.9000000000000001	15.62081016869344	347.7213370297123	363.3421471984057
2.0	20.658583596413095	339.80602647123845	360.46461006765156
2.1	25.15098419197714	332.4478657197578	357.59884991173493
2.2	28.68973726916984	326.3289119823474	355.0186492515172
2.3000000000000003	30.988425306077946	321.93542350277664	352.9238488088546
2.4000000000000004	31.895064791904357	319.54101043148495	351.4360752233893
2.5	31.39230595706289	319.21223646203185	350.60454241909474
2.6	29.586266225395065	320.83058247021535	350.4168486956104
2.7	26.686149740146266	324.1247629978023	350.81091273794857
2.8000000000000003	22.977351211888685	328.7089061428914	351.6862573547801
2.9000000000000004	18.790796596103114	334.1238196963864	352.91461629248954
3.0	14.471084299127465	339.87961880173486	354.35070310086235
3.1	10.345792991414696	345.4980972932916	355.8438902847063
3.2	6.698211826725209	350.5525976986798	357.250809525405
3.3000000000000003	3.7456430264871816	354.70231623356005	358.44795926004724
3.4000000000000004	1.625130395128062	357.7176032167062	359.34273361183426
3.5	0.38781958846615405	359.4933234949318	359.88114308339794
3.6	0.002164779955574594	360.0487533466656	360.0509181266212
3.7	0.3650638052398302	359.51443372978963	359.8794975350295
3.8000000000000003	1.3190234126680733	358.10831299773207	359.42733641040013
3.9000000000000004	2.6728618344218704	356.10491217564424	358.77777401006614
4.0	4.223327786459892	353.8018762069042	358.0252039933641
4.1000000000000005	5.77528546203932	351.4881141760874	357.2633996381267
4.2	7.158638644465638	349.41693484443846	356.57557348890407
4.3	8.240794458662211	347.7864093359367	356.0272037945989
4.4	8.93408726912358	346.7279291378763	355.6620164069999
4.5	9.198131626596968	346.3028172129436	355.50094883954057
4.6000000000000005	9.037523782962554	346.50603332951357	355.54355711247615
4.7	8.495661007408826	347.27551680657217	355.771177813981
4.800000000000001	7.645701237405784	348.5054737787781	356.15117501618386
4.9	6.579842093388702	350.0618612708139	356.6417033642026
5.0	5.398148056242224	351.7983879552715	357.19653601151373
5.1000000000000005	4.198084652551288	353.57151753091136	357.76960218346267
5.2	3.065727083608812	355.25322170730243	358.31894879091124
5.300000000000001	2.0693198084779967	356.74057583562296	358.80989564410095
5.4	1.2555191544946604	357.96169073223416	359.2172098867288
5.5	0.6483100776044123	358.87788522283176	359.5261953004362
5.6000000000000005	0.2503005902857588	359.482380888484	359.73268147876973
5.7	0.045893199518337605	359.79610736348485	359.8420005630032
5.800000000000001	0.005719998396911082	359.8614216786509	359.8671416770478
5.9	0.09169880245104461	359.7346598372145	359.82635863966556
6.0	0.2621063514220243	359.47845040545286	359.74055675687487
6.1000000000000005	0.47615442563804755	359.1546306013341	359.63078502697215
6.2	0.6976806316036553	358.81843355311463	359.5161141847183
6.300000000000001	0.8977137991304223	358.5143818228994	359.4120956220298
6.4	1.0558303549539672	358.2740602393812	359.32989059433515
6.5	1.160366795038462	358.1156869121347	359.27605370717316
6.6000000000000005	1.2076770692336538	358.04518997889255	359.2528670481262
6.7	1.2007064949680837	358.05835960886293	359.259066103831
6.800000000000001	1.1471862755671625	358.1435948888749	359.290781164442
6.9	1.057736024898603	358.2847965243638	359.3425325492624
7.0	0.944107803667446	358.4640451616871	359.4081529653546
7.1000000000000005	0.8177315652907209	358.6638226140913	359.48155417938204
7.2	0.6886471401836374	358.8686493125136	359.55729645269724
7.300000000000001	0.5648433161852864	359.06610873095843	359.6309520471437
7.4	0.45197661800443856	359.24730012165054	359.699276739655
7.5	0.3534092628965449	359.40680825370663	359.7602175166032
7.6000000000000005	0.2704870836107195	359.5423068486383	359.812793932249
7.7	0.20296901634078685	359.6539240521632	359.85689306850395
7.800000000000001	0.14951858388970884	359.74350662998177	359.89302521387145
7.9	0.10818286328090815	359.8138939369144	359.92207680019527
8.0	0.07679537066089727	359.86829978603663	359.9450951566975
8.1	0.0532713514833175	359.9098578755865	359.9631292270698
8.200000000000001	0.03579406562764983	359.941324778404	359.9771188440317
8.3	0.022895826495309808	359.9649450372191	359.9878408637144
8.4	0.013474970430974217	359.9824199903543	359.9958949607853
8.5	0.006789668671459766	359.99490599408693	360.0016956627584
8.6	0.0024234162274547797	360.0030565332877	360.0054799495151
8.700000000000001	0.00025119166408789817	360.007094491591	360.00734568325504
8.8	0.00044675785153168755	360.0067874542377	360.00723421208926
8.9	0.00342726483001643	360.0015415487162	360.0049688135462
9.0	0.009806912504823649	359.99048646493407	360.0002933774389
9.1	0.02030561731563797	359.9726088697152	359.9929144870308
9.200000000000001	0.03567020817227218	359.9469248465234	359.9825950546957
9.3	0.056561411540914625	359.91251581670645	359.9690772282474
9.4	0.0831954160642237	359.8692547969873	359.9524502130515
9.5	0.11552134692665382	359.81747225646046	359.9329936033871
9.600000000000001	0.15296618499907091	359.758109079549	359.91107526454806
9.700000000000001	0.19407563923087734	359.6936651810706	359.88774082030153
9.8	0.23710443777688098	359.6269799920991	359.864084429876
9.9	0.27965739254517813	359.56165607496945	359.8413134675146
10.0	0.3186675541926462	359.50261467676825	359.8212822309609
10.100000000000001	0.35153368072273505	359.45383542723823	359.805369107961
10.200000000000001	0.3754727613520602	359.41917363051164	359.7946463918637
10.3	0.38757032289855664	359.403372360446	359.79094268334455
10.4	0.38681998180506016	359.4078170043787	359.7946369861838
10.5	0.3726708302991606	359.4328023273122	359.80547315761135
10.600000000000001	0.3450789651315739	359.47858752612444	359.823666491256
10.700000000000001	0.3060881621529904	359.5417427867525	359.8478309489055
10.8	0.258389250305307	359.6179805029568	359.8763697532621
10.9	0.20570215751892215	359.70139693909863	359.90709909661757
11.0	0.15176859351046768	359.78591233935447	359.9376809328649
11.100000000000001	0.10054520382343295	359.86615491679527	359.9667001206187
11.200000000000001	0.05768325039337343	359.93287938782066	359.99056263821404
11.3	0.025631173437768204	359.9816712462552	360.00730241969296
11.4	0.005244431923086842	360.01284520108396	360.01808963300704
11.5	0.0006483244522217762	360.01994655173473	360.020594876187
11.600000000000001	0.01217978440141897	360.00113672312125	360.0133165075227
11.700000000000001	0.03575407525796301	359.96403837783305	359.999792453091
11.8	0.07082670540696241	359.91016281469126	359.9809895200982
11.9	0.11594334810479484	359.8402683392533	359.9562116873581
12.0	0.16446253327524774	359.76498904781	359.92945158108523
12.100000000000001	0.21245522531122668	359.69161638961464	359.90407161492584
12.200000000000001	0.259079093758995	359.62010110904754	359.87918020280654
12.3	0.2986923215489917	359.5582388363302	359.85693115787916
12.4	0.325527865998585	359.5167746378754	359.842302503874
12.5	0.34145248354956736	359.4930219676123	359.8344744511619
12.600000000000001	0.3480748867595516	359.4823838059579	359.83045869271746
12.700000000000001	0.3413815065273757	359.49113573767335	359.83251724420074
12.8	0.32047368985842545	359.52213628552494	359.84260997538337
12.9	0.28998581447361793	359.5684626808506	359.8584484953242
13.0	0.2546977564379159	359.6223390637018	359.8770368201397
13.100000000000001	0.21743040711513423	359.678192421667	359.89562282878217
13.200000000000001	0.17721224031030955	359.73704691641495	359.9142591567253
13.3	0.13347476636417327	359.80221314765214	359.9356879140163
13.4	0.09384906584215348	359.86305202413354	359.9569010899757
13.5	0.0659381582302727	359.90468509819567	359.97062325642594
13.600000000000001	0.044913071870987566	359.9328329411532	359.9777460130242
13.700000000000001	0.02326398488514738	359.96234622416875	359.9856102090539
13.8	0.006059245036096389	359.98794100265684	359.99400024769295
13.9	0.002717841775719928	359.99239301173327	359.995110853509
14.0	0.010091578865227508	359.9777431548041	359.98783473366933
14.100000000000001	0.018013930634341157	359.96159090533587	359.97960483597024
14.200000000000001	0.025685250507004483	359.9474833524696	359.9731686029766
14.3	0.03794022842760566	359.926910462611	359.9648506910386
14.4	0.053709026593208094	359.90090319349196	359.95461222008515
14.5	0.07101242412860867	359.8732150336312	359.9442274577598
14.600000000000001	0.09105223820673548	359.8408811839714	359.93193342217813
14.700000000000001	0.11097634324788384	359.80735637508394	359.91833271833184
14.8	0.12608378248259675	359.78119144972004	359.90727523220266
14.9	0.13731723969842088	359.7615353172122	359.8988525569106
15.0	0.1468802435929262	359.7444714979167	359.89135174150965
15.100000000000001	0.15496297767864486	359.73041724718917	359.8853802248678
15.200000000000001	0.1647564180932962	359.71400070591665	359.87875712400995
15.3	0.17696761872519812	359.6907124568956	359.8676800756208
15.4	0.18094772930206524	359.6763559969303	359.8573037262324
15.5	0.1678913719837433	359.6898338054211	359.8577251774048
15.600000000000001	0.14904870470802342	359.71783615966973	359.86688486437777
15.700000000000001	0.14434275433204716	359.72547040981596	359.869813164148
15.8	0.15319755718952102	359.7063087392112	359.8595062964007
15.9	0.1520844761279274	359.6964029780745	359.8484874542024
16.0	0.12579424946108927	359.7267984138604	359.8525926633215
16.1	0.0885266643853422	359.78096377917393	359.8694904435593
16.2	0.06541506793094745	359.81685540053667	359.8822704684676
16.3	0.06136857959943469	359.82042381958627	359.8817923991857
16.400000000000002	0.05904422479704102	359.81691260917563	359.8759568339727
16.5	0.044119850255533784	359.83244729811446	359.87656714837
16.6	0.022020612629738246	359.8622350218265	359.8842556344562
16.7	0.0077288983593498985	359.88229275467813	359.8900216530375
16.8	0.007051830682609399	359.88114530996955	359.88819714065215
16.900000000000002	0.014993953002876915	359.86584081753335	359.88083477053624
17.0	0.026007663837052962	359.8453102432445	359.87131790708156
17.1	0.0383987365597547	359.8225717787529	359.86097051531266
17.2	0.05310673715659014	359.79658053281236	359.84968726996897
17.3	0.07141720478098772	359.76589376368247	359.83731096846344
17.400000000000002	0.0945879705594351	359.7291264105788	359.8237143811382
17.5	0.12399971961432686	359.68365338090166	359.807653100516
17.6	0.15850064339266992	359.6298517864337	359.7883524298263
17.7	0.1930917941044212	359.5744250455163	359.7675168396207
17.8	0.2213794420175903	359.52738026738075	359.7487597093983
17.900000000000002	0.2389362346490075	359.4965287674493	359.73546500209835
18.0	0.2446845495902658	359.484801972422	359.7294865220123
18.1	0.2410776766057901	359.4896303135587	359.7307079901645
18.2	0.23367059175994717	359.5025396660756	359.7362102578356
18.3	0.22818995626186145	359.51319272139835	359.7413826776602
18.400000000000002	0.2277457803671773	359.5143192485479	359.7420650289151
18.5	0.23017117038871707	359.50590782280665	359.73607899319535
18.6	0.224731602792647	359.5029163305363	359.72764793332897
18.7	0.19839818789054128	359.52818772406744	359.72658591195795
18.8	0.148182807891287	359.5915383176722	359.73972112556345
18.900000000000002	0.08805161214065532	359.6765351582713	359.76458677041194
19.0	0.04694189140459796	359.7389635938663	359.78590548527086
19.1	0.048770675119045384	359.7349700676121	359.78374074273114
19.200000000000003	0.08768622111374057	359.6649029646324	359.75258918574616
19.3	0.12876799588737411	359.57975066957135	359.7085186654587
19.400000000000002	0.13624474790540583	359.54073433811857	359.67697908602395
19.5	0.10585866852199194	359.5653079876135	359.6711666561355
19.6	0.07187497685852968	359.60680391644314	359.67867889330165
19.700000000000003	0.07787361440318344	359.59428697444685	359.67216058885003
19.8	0.13785326193645425	359.496645340956	359.63449860289245
19.900000000000002	0.2239757010681161	359.3493069558355	359.57328265690364
20.0	0.2885589403868032	359.22623325110794	359.51479219149473
20.1	0.30138075847118084	359.18258142827113	359.4839621867423
20.200000000000003	0.273957184906837	359.2100395525829	359.48399673748975
20.3	0.25017161187837306	359.243476118951	359.49364773082937
20.400000000000002	0.2708427557557372	359.21370950900985	359.48455226476557
20.5	0.3387826876885749	359.105760800677	359.4445434883656
20.6	0.4123137096611872	358.97773966487375	359.39005337453494
20.700000000000003	0.4377774818007844	358.91576493091844	359.3535424127192
20.8	0.3926162881918317	358.96367346023357	359.3562897484254
20.900000000000002	0.30283630835835235	359.08958890421917	359.3924252125775
21.0	0.2258427786514014	359.20641237956625	359.43225515821763
21.1	0.20575843440830036	359.23767255518914	359.44343098959746
21.200000000000003	0.23196064350760154	359.18979164760265	359.42175229111024
21.3	0.25120686096449746	359.14476328546954	359.395970146434
21.400000000000002	0.22299240424486336	359.1719689810301	359.39496138527494
21.5	0.15025402479673183	359.27217115073535	359.42242517553206
21.6	0.06903967060826914	359.39215574969614	359.4611954203044
21.700000000000003	0.023080389427460796	359.46229007478036	359.4853704642078
21.8	0.029636576463144826	359.44893101083744	359.4785675873006
21.900000000000002	0.06304037359930109	359.38841494689046	359.45145532048974
22.0	0.08596388652430433	359.3424980115301	359.4284618980544
22.1	0.08714156109045977	359.33286603953184	359.4200076006223
22.200000000000003	0.08045695747731968	359.3388129627811	359.41926992025844
22.3	0.08499552608116444	359.33001670225013	359.4150122283313
22.400000000000002	0.11060259704926723	359.28979687263165	359.4003994696809
22.5	0.1535836570815444	359.22336611388306	359.3769497709646
22.6	0.20434674517440393	359.14568623388004	359.35003297905445
22.700000000000003	0.2533012127568386	359.0708824054712	359.32418361822806
22.8	0.2924465942746969	359.01117377441426	359.30362036868894
22.900000000000002	0.32008467922100436	358.96907421502726	359.28915889424826
23.0	0.3384917798070258	358.94075881793987	359.2792505977469
23.1	0.35182962921949223	358.9210830706103	359.27291269982976
23.200000000000003	0.37048950647818946	358.8946763116713	359.26516581814946
23.3	0.40227603128794776	358.84665905055783	359.2489350818458
23.400000000000002	0.4367143608408348	358.78931714265235	359.2260315034932
23.5	0.44976893811247326	358.7587815113273	359.20855044943977
23.6	0.42219127857063427	358.78695502596304	359.20914630453365
23.700000000000003	0.3516021814922691	358.88289966392193	359.23450184541423
23.8	0.2606902394097775	359.0170314386289	359.2777216780387
23.900000000000002	0.18828290703466774	359.12872918138936	359.317012088424
24.0	0.15795886999329067	359.17566830032234	359.33362717031565
24.1	0.15985104307495807	359.1676028905027	359.32745393357766
24.200000000000003	0.16408153166098224	359.14898194760696	359.31306347926795
24.3	0.14599603986295742	359.16038142917887	359.3063774690418
24.400000000000002	0.10250462370267723	359.21196171533387	359.3144663390365
24.5	0.055096799364350794	359.2756133110219	359.3307101103863
24.6	0.03739121158478004	359.299047517762	359.3364387293468
24.700000000000003	0.06695538393800522	359.2488499614949	359.3158053454329
24.8	0.1268609579580919	359.1465777701541	359.27343872811224
24.900000000000002	0.1842830908474493	359.0456509947769	359.22993408562434
25.0	0.22577626097517942	358.97199375534143	359.1977700163166
25.1	0.2645487284892198	358.906103528719	359.1706522572082
25.200000000000003	0.3199004376365077	358.81688063154127	359.1367810691778
25.3	0.40347354689521975	358.6845685060756	359.0880420529708
25.400000000000002	0.5111552974566772	358.51105785146973	359.0222131489264
25.5	0.6166296409821886	358.33552732929735	358.95215697027953
25.6	0.6959206431769944	358.2003424749739	358.8962631181509
25.700000000000003	0.7525438964301031	358.10261626605865	358.85516016248874
25.8	0.7945104214052735	358.0273990439083	358.8219094653136
25.900000000000002	0.8098612311284605	357.9916782286354	358.8015394597639
26.0	0.7761124829684215	358.03100632782383	358.80711881079225
26.1	0.6825494965629446	358.1642571914777	358.84680668804066
26.200000000000003	0.5482265427375244	358.36476205956075	358.9129886022983
26.3	0.42032839840399805	358.5617078045861	358.9820362029901
26.400000000000002	0.3495023798034356	358.6750727672182	359.0245751470216
26.5	0.3563035796695119	358.66667543269955	359.02297901236903
26.6	0.41948827797290317	358.56297779222007	358.98246607019297
26.700000000000003	0.4985689400422174	358.42328814865306	358.9218570886953
26.8	0.5600528679869134	358.29791171548294	358.8579645834699
26.900000000000002	0.5814163180052518	358.22201273942744	358.8034290574327
27.0	0.5460718462826066	358.22511795944604	358.7711898057286
27.1	0.44979556586015257	358.3227680204961	358.7725635863562
27.200000000000003	0.31881036269658386	358.48511582619744	358.803926188894
27.3	0.21209426602080353	358.62667032200096	358.8387645880218
27.400000000000002	0.1952901997505982	358.6440753722238	358.83936557197444
27.5	0.3057736079226209	358.4705184276271	358.7762920355497
27.6	0.5275008764195831	358.1183838044159	358.6458846808355
27.700000000000003	0.7896161596812875	357.68724956684594	358.47686572652725
27.8	0.9949175070149344	357.3263332409439	358.3212507479588
27.900000000000002	1.0735537784422344	357.1537847023131	358.22733848075535
28.0	1.0296102197432329	357.1778730727618	358.20748329250506
28.1	0.9369808472284314	357.2935270088764	358.23050785610485
28.200000000000003	0.8898399310312513	357.35625249974356	358.2460924307748
28.3	0.9539125052727868	357.25742120477236	358.21133371004515
28.400000000000002	1.1350515712874596	356.97462821036106	358.10967978164854
28.5	1.3731936148128443	356.587715218177	357.96090883298984
28.6	1.5721135351657527	356.2383565007446	357.8104700359103
28.700000000000003	1.6436228147682124	356.06420965488473	357.70783246965294
28.8	1.5430877100654226	356.1442080229481	357.6872957330135
28.900000000000002	1.2875402089488073	356.46685573927624	357.75439594822507
29.0	0.9487712521129595	356.93361297445813	357.8823842265711
29.1	0.6195844378444487	357.4043109213043	358.0238953591487
29.200000000000003	0.3678783326870313	357.77049500016517	358.1383733328522
29.3	0.21973631323949527	357.9881532527457	358.20788956598517
29.400000000000002	0.17626852506484184	358.052383664995	358.22865219005985
29.5	0.2263552598478611	357.97632682154324	358.2026820813911
29.6	0.35123746299263275	357.78018784706904	358.1314253100617
29.700000000000003	0.5156579112088656	357.508839349057	358.02449726026583
29.8	0.6708782685066603	357.23701790179564	357.9078961703023
29.900000000000002	0.7864191037397174	357.0164256995951	357.80284480333484
30.0	0.8624741286923334	356.85235349493956	357.7148276236319
30.1	0.9159996170438803	356.7204385283748	357.6364381454187
30.200000000000003	0.9540049767363357	356.6111143794837	357.56511935622
30.3	0.9731784548379164	356.53416618289606	357.507344637734
30.400000000000002	0.9790519715822155	356.4847201913742	357.46377216295645
30.5	0.9828883728027329	356.44781483337016	357.4307032061729
30.6	0.9933954051674954	356.4117464682733	357.4051418734408
30.700000000000003	1.0179967469697904	356.36281634636737	357.38081309333717
30.8	1.0478992041728887	356.3105823104591	357.358481514632
30.900000000000002	1.0581994791991753	356.29503843741725	357.3532379166164
31.0	1.0440520198985088	356.3244629706079	357.3685149905064
31.1	1.0205680048404207	356.37095151269807	357.3915195175385
31.200000000000003	0.994471942325622	356.421369807606	357.41584174993164
31.3	0.9537743951280593	356.49369434689027	357.4474687420183
31.400000000000002	0.8754535357091506	356.62408739997625	357.4995409356854
31.5	0.7558757804234918	356.8171722806918	357.5730480611153
31.6	0.616659361442335	357.0384790920035	357.65513845344583
31.700000000000003	0.48453067607612865	357.2482441170021	357.73277479307825
31.8	0.37747009172502405	357.4172711892478	357.7947412809728
31.900000000000002	0.29680734151290666	357.54068836785257	357.8374957093655
32.0	0.24029891040381227	357.621970606222	357.8622695166258
32.1	0.20923119770836365	357.66062515498936	357.86985635269775
32.2	0.1978439760686757	357.6688650308915	357.86670900696015
32.300000000000004	0.20166110599625814	357.6570619535574	357.85872305955365
32.4	0.22944492013985224	357.61369163238214	357.84313655252197
32.5	0.2919491359890653	357.52168992560513	357.8136390615942
32.6	0.38438565265568597	357.3872581270098	357.77164377966545
32.7	0.4917535281834488	357.23173261328037	357.7234861414638
32.800000000000004	0.6000370276739488	357.07475074058067	357.67478776825465
32.9	0.7011475211435124	356.92897944202844	357.63012696317196
33.0	0.7986984764592767	356.7910882511719	357.5897867276312
33.1	0.9119598879031429	356.63225221995384	357.544212107857
33.2	1.0599756067698223	356.4199508461785	357.4799264529483
33.300000000000004	1.2407515361176595	356.1573793767516	357.39813091286925
33.4	1.4460457941998925	355.85966790577146	357.30571369997136
33.5	1.6740772441775849	355.53099220469363	357.2050694488712
33.6	1.9227799553171183	355.17456457548536	357.0973445308025
33.7	2.1752417392622365	354.8115822931112	356.9868240323734
33.800000000000004	2.3853878190237054	354.5039698012755	356.8893576202992
33.9	2.486598977642205	354.346259916306	356.8328588939482
34.0	2.4262590214597988	354.4164248440897	356.8426838655495
34.1	2.1961416435621586	354.72878588558893	356.9249275291511
34.2	1.833580733750562	355.2313720561904	357.064952789941
34.300000000000004	1.4013493425179013	355.8359706352832	357.2373199778011
34.4	0.9680799357806787	356.44721910502165	357.4152990408023
34.5	0.6018784536048248	356.96870053043176	357.57057898403656
34.6	0.3613210755201943	357.3143587499189	357.6756798254391
34.7	0.28294777605082644	357.4306801189506	357.7136278950014
34.800000000000004	0.386468105203811	357.28708934658584	357.67355745178963
34.9	0.6812010875458783	356.8611478620929	357.5423489496388
35.0	1.1504686025991755	356.16387728738044	357.3143458899796
35.1	1.7274731760600703	355.28233532635466	357.0098085024147
35.2	2.290038717548439	354.3948369230909	356.68487564063935
35.300000000000004	2.6951314889465374	353.7242893106011	356.4194207995476
35.4	2.845216324218062	353.4325971091487	356.27781343336676
35.5	2.733982340217605	353.5406466187753	356.27462895899293
35.6	2.4377832673146838	353.94001121721277	356.37779448452744
35.7	2.0766548141618464	354.4526410189032	356.529295833065
35.800000000000004	1.7642444895408318	354.9073607869687	356.6716052765095
35.9	1.5750948620144272	355.19127275061766	356.7663676126321
36.0	1.5458525961955794	355.2447587680319	356.79061136422746
36.1	1.6718411068814059	355.06534567837036	356.73718678525177
36.2	1.889688029901175	354.7444779659166	356.63416599581774
36.300000000000004	2.1047736192210915	354.43446508698014	356.5392387062012
36.4	2.2556718312625836	354.2368516977485	356.49252352901107
36.5	2.3194814671548065	354.18029830409625	356.49977977125104
36.6	2.265487227484927	354.2987071315653	356.56419435905025
36.7	2.051379093784475	354.6529622539445	356.704341347729
36.800000000000004	1.6753465142715966	355.25917332643667	356.9345198407083
36.9	1.2184711408877993	356.00364918824016	357.22212032912796
37.0	0.8001288650220334	356.6925996027388	357.49272846776086
37.1	0.4871570476029454	357.2048801384468	357.69203718604973
37.2	0.2753723550754855	357.54167739600246	357.81704975107795
37.300000000000004	0.15309280793189686	357.7288127167035	357.8819055246354
37.4	0.15121645299550057	357.72270184025535	357.8739182932509
37.5	0.3117241063731266	357.45205424008486	357.76377834645797
37.6	0.6139950017875564	356.94293874566506	357.5569337474526
37.7	0.9639397987638927	356.356532113102	357.32047191186587
37.800000000000004	1.2972823066020456	355.8185584436037	357.11584075020573
37.9	1.6384138330142108	355.2975047240141	356.93591855702834
38.0	2.0212863903311478	354.732581446804	356.75386783713515
38.1	2.4305485550481736	354.13706830421523	356.5676168592634
38.2	2.8200179083323245	353.56941849424567	356.389436402578
38.300000000000004	3.1302275668222026	353.1073391182838	356.237566685106
38.400000000000006	3.287382192637065	352.8573900867212	356.1447722793582
38.5	3.2282401946395853	352.9262239660925	356.15446416073206
38.6	2.9483145163939843	353.3396809451064	356.2879954615004
38.7	2.5020184355099806	354.02664012013713	356.5286585556471
38.800000000000004	1.966934828677678	354.87023161648625	356.8371664451639
38.900000000000006	1.436503226352433	355.7252816672164	357.16178489356884
39.0	1.0101317908581675	356.42683063606125	357.4369624269194
39.1	0.7195148694860718	356.90949688058885	357.62901175007494
39.2	0.5179189062482222	357.2424601596234	357.76037906587163
39.300000000000004	0.37696015753727163	357.4739695203532	357.85092967789046
39.400000000000006	0.3161394840702843	357.5714964607103	357.8876359447806
39.5	0.33475030898960206	357.53181403835526	357.8665643473449
39.6	0.3832697344368208	357.4384179488007	357.8216876832375
39.7	0.4303218447422926	357.3485630611748	357.7788849059171
39.800000000000004	0.4944388386835585	357.232599750245	357.72703858892856
39.900000000000006	0.5935160650000609	357.06046170802045	357.65397777302053
40.0	0.7215061809042033	356.8416140748372	357.5631202557414
40.1	0.877928994700612	356.5749551229205	357.4528841176211
40.2	1.0629171573792233	356.2575431630453	357.3204603204245
40.300000000000004	1.2438484234316758	355.94840921560245	357.19225763903415
40.400000000000006	1.3920984732929211	355.7024823226786	357.0945807959715
40.5	1.5099564819483755	355.51308049355004	357.0230369754984
40.6	1.5884101912521553	355.39213837811286	356.980548569365
40.7	1.6254964787031363	355.3490574477328	356.97455392643593
40.800000000000004	1.6589146028440618	355.32012633336836	356.9790409362124
40.900000000000006	1.6857918494666055	355.3011597894511	356.98695163891773
41.0	1.6383248587331467	355.4024305142427	357.04075537297587
41.1	1.4832626323155886	355.6786169540298	357.1618795863454
41.2	1.2518075851150436	356.07453867836415	357.3263462634792
41.300000000000004	0.9954805569575395	356.506086596067	357.50156715302455
41.400000000000006	0.7690496233033252	356.8888072484596	357.65785687176293
41.5	0.6048560211415159	357.17368819632713	357.77854421746866
41.6	0.481798883725055	357.3936245115623	357.8754233952873
41.7	0.3601406699160151	357.6076473453057	357.9677880152217
41.800000000000004	0.2453504133366843	357.8001636308984	358.04551404423506
41.900000000000006	0.1894001917154986	357.89020434533734	358.07960453705283
42.0	0.2521674315456101	357.7925401523536	358.0447075838992
42.1	0.458640949462552	357.4720135185346	357.93065446799716
42.2	0.771507011262864	356.98505816564443	357.7565651769073
42.300000000000004	1.121473679866618	356.43642693876666	357.55790061863325
42.400000000000006	1.471316734461429	355.8775844441462	357.3489011786076
42.5	1.8293646112426794	355.2887530787862	357.1181176900289
42.6	2.2026794805311876	354.66100484480785	356.863684325339
42.7	2.5663058660848783	354.04121969528035	356.6075255613652
42.800000000000004	2.869089534139054	353.5137062924121	356.38279582655116
42.900000000000006	3.0595034262427854	353.1633427265079	356.22284615275066
43.0	3.1248407954532738	353.0159267329212	356.14076752837445
43.1	3.096684513495184	353.0270154503701	356.12369996386525
43.2	3.017616627864401	353.1310017823806	356.14861841024504
43.300000000000004	2.911482328286327	353.2904397335805	356.20192206186687
43.400000000000006	2.786927901533901	353.4907032150708	356.2776311166047
43.5	2.642327432348127	353.7312696458919	356.37359707824004
43.6	2.4680767268207306	354.0250814424444	356.49315816926514
43.7	2.2776899267221267	354.34742478873574	356.62511471545787
43.800000000000004	2.095439433030007	354.65285596925196	356.74829540228194
43.900000000000006	1.9062877212967915	354.9611413124716	356.8674290337684
44.0	1.6782303265351899	355.32027915403637	356.99850948057156
44.1	1.4015554321685746	355.7457606446887	357.14731607685724
44.2	1.097186581435061	356.2062696835471	357.3034562649821
44.300000000000004	0.809428404218689	356.6331084446534	357.44253684887207
44.400000000000006	0.5990661727701583	356.9338187383629	357.53288491113307
44.5	0.5311701042226725	357.0126003535345	357.54377045775715
44.6	0.6557533093747405	356.79607891065604	357.4518322200308
44.7	0.9879223445202528	356.2583762123383	357.24629855685856
44.800000000000004	1.4914490530160927	355.4504276225365	356.9418766755526
44.900000000000006	2.1092922001120584	354.45888787103866	356.5681800711507
45.0	2.8046829682236556	353.337704019319	356.14238698754264
45.1	3.5265632256083754	352.16068480059505	355.6872480262034
45.2	4.170600659723249	351.09476494468555	355.26536560440877
45.300000000000004	4.6407647229806654	350.3006272817229	354.9413920047036
45.400000000000006	4.91275431588599	349.8210442000451	354.7337985159311
45.5	5.014984555341954	349.6113000244775	354.6262845798194
45.6	4.986618019726815	349.611704180251	354.5983221999778
45.7	4.862974808405908	349.7737658326166	354.6367406410225
45.800000000000004	4.679652624338777	350.0502096683494	354.72986229268815
45.900000000000006	4.468018422740875	350.3928330119749	354.8608514347158
46.0	4.236080921855944	350.7852665052724	355.0213474271283
46.1	3.968866882203256	351.24416176804965	355.2130286502529
46.2	3.6380585869938704	351.80820669065076	355.4462652776446
46.300000000000004	3.2263831429226792	352.49898616397684	355.7253693068995
46.400000000000006	2.7397304659258186	353.306591367541	356.04632183346683
46.5	2.2137243337157213	354.1742797656853	356.38800409940103
46.6	1.678521069158187	355.0540361305456	356.7325571997038
46.7	1.1636379643817742	355.90276910178466	357.06640706616645
46.800000000000004	0.744445740664046	356.5885803540661	357.33302609473014
46.900000000000006	0.4543907702293564	357.05647385702844	357.5108646272578
47.0	0.2868134605947561	357.32756731749413	357.6143807780889
47.1	0.25666528747464484	357.37122322338075	357.62788851085537
47.2	0.3379415952345347	357.22924862480437	357.5671902200389
47.300000000000004	0.5130556890473512	356.94418360824636	357.4572392972937
47.400000000000006	0.8563114470155373	356.3894768741259	357.2457883211414
47.5	1.3967285684474418	355.5059047478055	356.90263331625295
47.6	2.0502772045116378	354.43516020468627	356.4854374091979
47.7	2.7617348050837554	353.27176595978864	356.0335007648724
47.800000000000004	3.5456961970889234	351.9864992689772	355.5321954660661
47.900000000000006	4.3938348505121345	350.58890983019745	354.9827446807096
48.0	5.23864314544129	349.1871417174477	354.425784862889
48.1	6.006638070203074	347.89875046846123	353.9053885386643
48.2	6.661828151822468	346.77870163768006	353.44052978950253
48.300000000000004	7.160071603253891	345.89654608083214	353.056617684086
48.400000000000006	7.425584943788435	345.37891327261565	352.80449821640406
48.5	7.409579281581676	345.31099481738033	352.720574098962
48.6	7.1148654842910455	345.69142353505373	352.8062890193448
48.7	6.574455058986873	346.464526023618	353.0389810826049
48.800000000000004	5.8321925182299745	347.5571163321876	353.3893088504176
48.900000000000006	4.938834638464076	348.89311424788855	353.8319488863526
49.0	3.973583274219533	350.3525043480867	354.32608762230626
49.1	3.0256015990357206	351.79822085571885	354.8238224547546
49.2	2.1584810335073508	353.13223302569514	355.2907140592025
49.300000000000004	1.4213023397198834	354.27585368377663	355.6971560234965
49.400000000000006	0.8711569259358667	355.13354443102827	356.0047013569641
49.5	0.5641333533527578	355.61114539757926	356.175278750932
49.6	0.5405000492488109	355.6386882913303	356.1791883405791
49.7	0.8137831797477144	355.1890674050518	356.0028505847995
49.800000000000004	1.3657770230982154	354.2855868661558	355.651363889254
49.900000000000006	2.137237305923296	353.02009879644925	355.15733610237254
50.0	3.042737418579826	351.5316083818616	354.5743458004414
50.1	4.00776561461491	349.93653436971755	353.9442999843325
50.2	4.968888978506268	348.32765620435293	353.2965451828592
50.300000000000004	5.866915566182996	346.7950085038836	352.66192407006656
50.400000000000006	6.665159865185798	345.40153603074634	352.0666958959321
50.5	7.357226740963488	344.166326589984	351.5235533309475
50.6	7.9342959021468475	343.11205220907226	351.0463481112191
50.7	8.352677815818883	342.3133847284249	350.6660625442438
50.800000000000004	8.538729648187214	341.8923854607886	350.4311151089758
50.900000000000006	8.436428821660398	341.9439240272281	350.3803528488885
51.0	8.05456585309292	342.45453411466906	350.509099967762
51.1	7.459839059782129	343.3157278615129	350.7755669212951
51.2	6.741824586445682	344.38116663158434	351.12299121803
51.300000000000004	5.963310166360942	345.5541160238554	351.5174261902163
51.400000000000006	5.158887109259013	346.7821403855842	351.94102749484324
51.5	4.3461028962995405	348.02989677397204	352.3759996702716
51.6	3.5060259058925065	349.3240297887468	352.8300556946393
51.7	2.632114085599278	350.6785141731228	353.31062825872203
51.800000000000004	1.788291361462838	351.99144898708664	353.77974034854947
51.900000000000006	1.0751203940690601	353.10080839913525	354.1759287932043
52.0	0.5824989196723446	353.85928923285246	354.4417881525248
52.1	0.36072922296359045	354.1871074130701	354.5478366360337
52.2	0.4249909514038818	354.0630131282054	354.48800407960925
52.300000000000004	0.7536601785674202	353.52195087587256	354.27561105444
52.400000000000006	1.2791286504909471	352.6745566115932	353.95368526208415
52.5	1.9297316654568328	351.63816026130974	353.56789192676655
52.6	2.672010464135172	350.4687619000168	353.1407723641519
52.7	3.480737310504568	349.2081940464293	352.6889313569339
52.800000000000004	4.292156615322583	347.9655616520974	352.25771826742
52.900000000000006	5.0522267820536255	346.8283278601156	351.8805546421693
53.0	5.751512657148986	345.804284595537	351.555797252686
53.1	6.394249175018296	344.88412746529525	351.2783766403135
53.2	6.984808037710938	344.060029005484	351.04483704319495
53.300000000000004	7.516801028450693	343.33824389240084	350.8550449208515
53.400000000000006	7.948847314750512	342.7802615925776	350.7291089073281
53.5	8.210676362005461	342.4963076101467	350.70698397215216
53.6	8.257571198778091	342.5566874864003	350.81425868517834
53.7	8.090286179559094	342.9583830311348	351.0486692106939
53.800000000000004	7.719286641419883	343.684779637067	351.4040662784869
53.900000000000006	7.160174385424896	344.7071670776434	351.8673414630683
54.0	6.4472646724075116	345.9600602474329	352.40732491984045
54.1	5.618263636384204	347.3787330461121	352.9969966824963
54.2	4.725910002505019	348.87579786063725	353.6017078631423
54.300000000000004	3.8338344691181434	350.3449352972206	354.17876976633875
54.400000000000006	2.9881414188601476	351.7154713215407	354.70361274040084
54.5	2.2227443613646303	352.93463941420896	355.1573837755736
54.6	1.5647837828845217	353.9655497750941	355.5303335579786
54.7	1.0578096404622335	354.74337196282215	355.80118160328436
54.800000000000004	0.7268504970314559	355.2306380966251	355.9574885936566
54.900000000000006	0.554324232802672	355.4738346788142	356.0281589116169
55.0	0.55919395934324	355.4501990140874	356.00939297343064
55.1	0.7666386516014	355.11844060561776	355.88507925721916
55.2	1.1550690247076483	354.5201579623074	355.67522698701504
55.300000000000004	1.7062278737565784	353.6847170104202	355.39094488417675
55.400000000000006	2.4005471467617037	352.64060980319925	355.04115694996096
55.5	3.1955059868538864	351.45505749405805	354.65056348091196
55.6	4.040011468106456	350.20264474493587	354.2426562130423
55.7	4.873164802716408	348.9766526695455	353.8498174722619
55.800000000000004	5.6510133543892955	347.84120763630676	353.49222099069607
55.900000000000006	6.338257545847373	346.84640870347795	353.18466624932535
56.0	6.883854081941003	346.0713628202243	352.9552169021653
56.1	7.229153673299773	345.6121016767985	352.84125535009827
56.2	7.342003189953227	345.5220513166512	352.8640545066044
56.300000000000004	7.219727756144737	345.80436386832906	353.0240916244738
56.400000000000006	6.860014028718156	346.4625675145912	353.3225815433094
56.5	6.269381418743216	347.48303357064725	353.75241498939045
56.6	5.470918627011455	348.81912342086184	354.29004204787327
56.7	4.500091896590601	350.41457902121715	354.91467091780777
56.800000000000004	3.444044383697474	352.13560241852457	355.57964680222204
56.900000000000006	2.4308116616057793	353.778264196141	356.20907585774677
57.0	1.5665007351996143	355.1731757957678	356.7396765309674
57.1	0.9038536921497596	356.2411653818826	357.14501907403235
57.2	0.4668598364959042	356.95040868856404	357.41726852505997
57.300000000000004	0.2696946050932259	357.27661111405786	357.54630571915106
57.400000000000006	0.30257884188869383	357.2326659613148	357.5352448032035
57.5	0.5415076604930591	356.8590973034495	357.40060496394256
57.6	0.9767998228886207	356.17349286984836	357.15029269273697
57.7	1.6061461278242526	355.17685528878667	356.78300141661094
57.800000000000004	2.3860094699176373	353.9396395517247	356.32564902164233
57.900000000000006	3.2490742046814907	352.5681744319961	355.8172486366776
58.0	4.1434017106403305	351.1387399200418	355.28214163068213
58.1	5.005980495537216	349.7490771465845	354.75505764212176
58.2	5.756112970050977	348.5290876099291	354.2852005799801
58.300000000000004	6.322463987720222	347.5848533878697	353.9073173755899
58.400000000000006	6.625644597039196	347.03595487116473	353.6615994682039
58.5	6.600226035897779	346.9915466080316	353.5917726439294
58.6	6.237495881610447	347.4694820136561	353.70697789526656
58.7	5.575728538005819	348.4143384397024	353.99006697770824
58.800000000000004	4.711009155698203	349.6789068233066	354.3899159790048
58.900000000000006	3.774712325633595	351.06147934016565	354.8361916657992
59.0	2.8870954181297885	352.37706537458007	355.26416079270984
59.1	2.121764469943262	353.5123493933594	355.6341138633027
59.2	1.5018617193197983	354.4369605508332	355.93882227015297
59.300000000000004	1.0479014354124567	355.12358288427856	356.17148431969105
59.400000000000006	0.8145929099681084	355.485967301414	356.3005602113821
59.5	0.8932909426896825	355.36602565327786	356.25931659596756
59.6	1.3414938904969602	354.6677689928424	356.0092628833394
59.7	2.176270310725889	353.3627989878845	355.5390692986104
59.800000000000004	3.3835304501983616	351.4638313332104	354.84736178340876
59.900000000000006	4.889809666511058	349.08816023010957	353.9779698966206
60.0	6.602326773381411	346.38620851243985	352.9885352858213
60.1	8.408022837553132	343.53341025410043	351.94143309165355
60.2	10.141983704645835	340.7885445227701	350.93052822741595
60.300000000000004	11.646658683443395	338.39674595036917	350.04340463381254
60.400000000000006	12.81531832016869	336.5177456113343	349.333063931503
60.5	13.562723180165124	335.27557556231653	348.83829874248164
60.6	13.815383042495368	334.7808988915822	348.5962819340775
60.7	13.552877545525337	335.06589776288763	348.618775308413
60.800000000000004	12.821099872514937	336.0637741606124	348.88487403312735
60.900000000000006	11.702686887184116	337.65729005168595	349.3599769388701
61.0	10.300256581054816	339.70220028115386	350.0024568622087
61.1	8.726719357525866	342.03267183716923	350.7593911946951
61.2	7.079783076806973	344.50335990660614	351.5831429834131
61.300000000000004	5.439284428496287	346.99153609475786	352.43082052325417
61.400000000000006	3.887163217015817	349.36852667891696	353.2556898959328
61.5	2.5271393908041624	351.4655249734878	353.99266436429195
61.6	1.4429648719069212	353.1460514200385	354.58901629194537
61.7	0.6759039983653669	354.34794843335317	355.0238524317185
61.800000000000004	0.25652392230947524	355.02183288768384	355.27835680999334
61.900000000000006	0.17030664523136368	355.1857714412924	355.3560780865238
62.0	0.3391284407614769	354.9602274960756	355.2993559368371
62.1	0.6788412373945528	354.4705237420626	355.1493649794572
62.2	1.1103281728128302	353.83298120872945	354.9433093815423
62.300000000000004	1.5577753705645503	353.1643106223429	354.72208599290747
62.400000000000006	1.9710142039154128	352.5419780820582	354.5129922859736
62.5	2.3126944705209938	352.02334752169736	354.3360419922183
62.6	2.542248314423106	351.67161983181165	354.21386814623474
62.7	2.632898646112128	351.53334706056853	354.1662457066807
62.800000000000004	2.618386472609657	351.5645321573335	354.1829186299431
62.900000000000006	2.572542498903451	351.6498133616319	354.22235586053534
63.0	2.498488053628326	351.7820439901354	354.2805320437637
63.1	2.338005652140613	352.0474087779919	354.3854144301325
63.2	2.0847739050033565	352.44960014075986	354.53437404576323
63.300000000000004	1.81011960002674	352.8773206770093	354.68744027703605
63.400000000000006	1.5903040308080736	353.215444727874	354.80574875868206
63.5	1.4542467004639912	353.42391529606857	354.8781619965326
63.6	1.3913644479639637	353.5256261535513	354.91699060151524
63.7	1.37719348903909	353.56047096026373	354.9376644493028
63.800000000000004	1.3791156593523073	353.57668567069095	354.95580133004324
63.900000000000006	1.3584227479842699	353.6314351133804	354.98985786136467
64.0	1.2890606728280094	353.7613037166076	355.0503643894356
64.10000000000001	1.1714421671488255	353.9593963549179	355.1308385220667
64.2	1.02119302732579	354.1954640529862	355.216657080312
64.3	0.8517339805089054	354.4491524826834	355.30088646319234
64.4	0.6860921199292771	354.68704881309185	355.37314093302115
64.5	0.5591641875766435	354.85766386155154	355.4168280491282
64.60000000000001	0.504391313995442	354.91552154374705	355.4199128577425
64.7	0.5472570878771259	354.8228038358407	355.37006092371786
64.8	0.6792009768420486	354.59593755384657	355.2751385306886
64.9	0.8722437949186767	354.28148493335647	355.15372872827515
65.0	1.1124941424833195	353.89534611139993	355.0078402538833
65.10000000000001	1.3836764140863433	353.4563534637862	354.8400298778725
65.2	1.6531635118162515	353.01695727767344	354.6701207894897
65.3	1.899506210589085	352.61695730559643	354.5164635161855
65.4	2.1381421452455047	352.2365108503475	354.374652995593
65.5	2.4045070404840847	351.81973249119073	354.2242395316748
65.60000000000001	2.7117556653151045	351.3442070945855	354.0559627599006
65.7	3.0367994408079775	350.8396431043038	353.87644254511173
65.8	3.3456436452152802	350.3524320271727	353.698075672388
65.9	3.613695626409028	349.9149541530668	353.5286497794758
66.0	3.8080898375137098	349.5826920989465	353.3907819364602
66.10000000000001	3.902204705801046	349.4037169670912	353.3059216728923
66.2	3.8932857988342473	349.38420931245435	353.2774951112886
66.3	3.795765829059848	349.5005135717362	353.29627940079604
66.4	3.6166393187586805	349.7437539805426	353.3603932993013
66.5	3.360795072502577	350.11063292631735	353.47142799881993
66.60000000000001	3.0409956436162093	350.58295760164367	353.6239532452599
66.7	2.6720418756407947	351.13841767006613	353.8104595457069
66.8	2.271698160574764	351.7505818720646	354.02228003263934
66.9	1.860447582268425	352.3886533063158	354.2491008885842
67.0	1.4742666555087127	352.99424812129604	354.46851477680474
67.10000000000001	1.1560043621023812	353.49616310501165	354.65216746711405
67.2	0.9248595206726816	353.86222903158625	354.7870885522589
67.3	0.771661183209267	354.10580993170015	354.87747111490944
67.4	0.6754480404622045	354.2581614073183	354.9336094477805
67.5	0.6309158346921191	354.32525514289756	354.9561709775897
67.60000000000001	0.6593443508712793	354.2723392817858	354.93168363265704
67.7	0.7849876306619094	354.0660832104443	354.8510708411062
67.8	1.0222186967922142	353.68929469535294	354.71151339214515
67.9	1.3718501940768602	353.1361025087525	354.50795270282936
68.0	1.7924391266709463	352.46930036904257	354.2617394957135
68.10000000000001	2.229483626993553	351.7776033726317	354.00708699962524
68.2	2.6510858064798586	351.112535398793	353.76362120527284
68.3	3.032409316922917	350.51211340990005	353.54452272682295
68.4	3.3422553547207925	350.02480902980295	353.36706438452376
68.5	3.5524687574887013	349.6942576738801	353.2467264313688
68.60000000000001	3.6486373037689477	349.54291077643586	353.1915480802048
68.7	3.6368677816630908	349.5615299793379	353.198397761001
68.8	3.5215194546314756	349.73987013495463	353.2613895895861
68.9	3.280063911435064	350.1136348085787	353.39369872001373
69.0	2.902683645382807	350.6990425929818	353.6017262383646
69.10000000000001	2.423171252122039	351.4445030513529	353.8676743034749
69.2	1.9014250770320613	352.2564940624613	354.15791913949334
69.3	1.3960220089942716	353.0440141872906	354.4400361962849
69.4	0.9584057013166569	353.7254731680073	354.68387886932396
69.5	0.6149730159391487	354.2612163711564	354.87618938709556
69.60000000000001	0.37441275764306076	354.6374646213523	355.0118773789954
69.7	0.24774828111986674	354.83477797658253	355.0825262577024
69.8	0.24183492621747163	354.8404373414581	355.08227226767553
69.9	0.3447956532506557	354.6726888489164	355.017484502167
70.0	0.5348967455733338	354.3643593189706	354.899256064544
70.10000000000001	0.7914735389328941	353.94504153345656	354.73651507238947
70.2	1.0924206011844626	353.4498471818985	354.542267783083
70.3	1.420876766906479	352.90542723577175	354.3263040026782
70.4	1.758109947107529	352.3430672031685	354.10117715027604
70.5	2.077042737638715	351.8084039443953	353.885446682034
70.60000000000001	2.3457905368264185	351.3539132876768	353.6997038245032
70.7	2.5396017640979696	351.0193270904378	353.5589288545358
70.8	2.648439858633756	350.82131928346035	353.4697591420941
70.9	2.6651866732967138	350.77395802395915	353.43914469725587
71.0	2.595817275544356	350.86897974187417	353.4647970174185
71.10000000000001	2.4570585994490637	351.07698241326636	353.5340410127154
71.2	2.251860333098661	351.3961664760056	353.64802680910424
71.3	1.9936810860146998	351.8080344590438	353.8017155450585
71.4	1.7082411135796838	352.27228772406573	353.9805288376454
71.5	1.41454543013067	352.7636371238673	354.17818255399794
71.60000000000001	1.146135625062627	353.22995226358984	354.3760878886525
71.7	0.942217147859816	353.6043456419963	354.5465627898561
71.8	0.8124436296638518	353.86648434719643	354.6789279768603
71.9	0.7368410270363277	354.04517244751065	354.782013474547
72.0	0.6886697579699776	354.1759252515186	354.8645950094886
72.10000000000001	0.638336097676651	354.2968768611166	354.9352129587932
72.2	0.5685897844902509	354.42876241794886	354.9973522024391
72.3	0.48668205543497084	354.55963647618125	355.04631853161624
72.4	0.4010628949615294	354.6821699056348	355.0832328005963
72.5	0.3162360032329687	354.79861081695736	355.11484682019034
72.60000000000001	0.24999071952740934	354.8869911839473	355.13698190347475
72.7	0.22531212692682032	354.91437130520364	355.1396834321305
72.8	0.25108265304109045	354.8681696962711	355.11925234931215
72.9	0.31903229367690816	354.76143388526265	355.08046617893956
73.0	0.4127408909269133	354.61825964437793	355.0310005353048
73.10000000000001	0.5132268079295021	354.4665058185542	354.9797326264837
73.2	0.6129328125395924	354.31590453858314	354.92883735112275
73.3	0.7238969240722238	354.1442143368993	354.86811126097155
73.4	0.8559349368152884	353.93659852632663	354.7925334631419
73.5	1.0070983718082156	353.69640475313565	354.7035031249439
73.60000000000001	1.1640806958576637	353.44330786098993	354.6073885568476
73.7	1.312288228063866	353.202753461027	354.5150416890909
73.8	1.4443637057566814	352.99146905945855	354.43583276521525
73.9	1.556808378726116	352.81469242891745	354.37150080764354
74.0	1.6343151990520373	352.69581521603607	354.3301304150881
74.10000000000001	1.6650932265382306	352.651447230174	354.31654045671223
74.2	1.6381387082987402	352.69669382369	354.33483253198875
74.3	1.5339663657818658	352.86580729916614	354.399773664948
74.4	1.3626168466020159	353.1421301084004	354.5047469550024
74.5	1.1519531131993894	353.48322506109594	354.63517817429533
74.60000000000001	0.9240292361005128	353.8548704512278	354.7788996873283
74.7	0.692732830032792	354.23321547600557	354.9259483060384
74.8	0.47441698056534337	354.58989925294236	355.0643162335077
74.9	0.2831601182643304	354.9042453160682	355.18740543433256
75.0	0.13883924247168905	355.1419880787208	355.2808273211925
75.10000000000001	0.06208320680323693	355.2671374803688	355.329220687172
75.2	0.05944431824299042	355.2719215871997	355.3313659054427
75.3	0.1309248748565138	355.15738779037525	355.2883126652318
75.4	0.27580453331721494	354.92455144806206	355.2003559813793
75.5	0.4957210668832907	354.57069872907067	355.06641979595395
75.60000000000001	0.7743921812073746	354.1201001121557	354.89449229336304
75.7	1.0603381729688781	353.65937833107074	354.71971650403964
75.8	1.315988221286063	353.2497387054665	354.5657269267526
75.9	1.5350019381137856	352.90169407839426	354.43669601650805
76.0	1.7234097254769436	352.6051064295653	354.3285161550422
76.10000000000001	1.8721693129038584	352.3769503198646	354.24911963276844
76.2	1.97233808886869	352.2320601489444	354.2043982378131
76.3	2.0274602625319296	352.1587461165021	354.186206379034
76.4	2.032875653207477	352.15956561276295	354.19244126597044
76.5	1.9778039777915741	352.24723141403604	354.2250353918276
76.60000000000001	1.8437009858962539	352.4488835378595	354.29258452375575
76.7	1.6155895348503226	352.7921743973238	354.4077639321741
76.80000000000001	1.3191734925497527	353.24223170435147	354.5614051969012
76.9	1.0117446076035805	353.71419400024206	354.72593860784565
77.0	0.7467648873442623	354.12274738699955	354.86951227434383
77.10000000000001	0.5404237572267475	354.44074216127404	354.9811659185008
77.2	0.3803021699532159	354.68879369297264	355.06909586292585
77.30000000000001	0.2623224803993502	354.8707969702459	355.13311945064527
77.4	0.18984616381369274	354.9785710496347	355.1684172134484
77.5	0.17203204733780122	355.00198988220825	355.17402192954603
77.60000000000001	0.24642957314603015	354.8843499290666	355.13077950221265
77.7	0.44941347641499685	354.5676308792549	355.0170443556699
77.80000000000001	0.7742168065954252	354.0623930660446	354.83660987264
77.9	1.1828860326165949	353.42716342048215	354.6100494530987
78.0	1.6325752439846892	352.7279523761788	354.36052762016345
78.10000000000001	2.0829712055141627	352.0296247778802	354.1125959833944
78.2	2.5024340924740605	351.3842126974988	353.8866467899729
78.30000000000001	2.8694214390054555	350.82718424953015	353.6966056885356
78.4	3.169247395994583	350.3780353369527	353.5472827329473
78.5	3.3785090798629103	350.0724348589419	353.4509439388048
78.60000000000001	3.476951493131694	349.94183916401704	353.41879065714875
78.7	3.4564804312793576	349.9998253110227	353.45630574230205
78.80000000000001	3.3182323059178787	350.2444898514234	353.5627221573413
78.9	3.0754568368438844	350.6512554719325	353.72671230877637
79.0	2.7526138624693552	351.18166670604893	353.93428056851826
79.10000000000001	2.3860779076409044	351.77563297460705	354.161710882248
79.2	1.9941966611799615	352.40192080167554	354.3961174628555
79.30000000000001	1.5835563689262613	353.0542292455023	354.6377856144286
79.4	1.178684060911617	353.694711077735	354.87339513864663
79.5	0.8094804492629432	354.2779007804153	355.0873812296782
79.60000000000001	0.5136594950378426	354.74281590465574	355.2564753996936
79.7	0.3175601162511029	355.04856901882584	355.36612913507696
79.80000000000001	0.21522203891597083	355.2074171159087	355.42263915482465
79.9	0.19607252905500272	355.23801955961113	355.43409208866615
80.0	0.2754347793423145	355.11541806759067	355.390852846933
80.10000000000001	0.46792120881359434	354.8166402221064	355.28456143092
80.2	0.7663616373748545	354.3556120800589	355.1219737174338
80.30000000000001	1.1485112860328528	353.7678021576723	354.9163134437051
80.4	1.5828395132074748	353.1035281358046	354.6863676490121
80.5	2.053756886882555	352.3888577425397	354.4426146294223
80.60000000000001	2.5666872731826467	351.6125213819701	354.17920865515276
80.7	3.092102119547125	350.82156206739415	353.9136641869413
80.80000000000001	3.55483746260443	350.1394433705895	353.69428083319394
80.9	3.9089131976160023	349.6365673507108	353.5454805483268
81.0	4.167277457954577	349.28523497640526	353.45251243435985
81.10000000000001	4.351123247009296	349.04726733136334	353.39839057837264
81.2	4.450611423260119	348.9364336598689	353.387045083129
81.30000000000001	4.448833489309276	348.9805955374317	353.429429026741
81.4	4.358866963686891	349.15634725513075	353.5152142188176
81.5	4.1961586100386885	349.4341420004214	353.6303006104601
81.60000000000001	3.942764413786757	349.83949556074555	353.7822599745323
81.7	3.5662246048243276	350.4230448212898	353.9892694261141
81.80000000000001	3.0616162071935187	351.1966954283226	354.2583116355161
81.9	2.475891518855316	352.0910916465706	354.5669831654259
82.0	1.8954917011030525	352.97005524942756	354.8655469505306
82.10000000000001	1.3983665235261524	353.7118898125555	355.11025633608165
82.2	1.0192699508471097	354.2649167242465	355.2841866750936
82.30000000000001	0.7441233641954275	354.65912878653376	355.4032521507292
82.4	0.5476068843738118	354.94257712916607	355.4901840135399
82.5	0.4433641348411864	355.0935598634984	355.5369239983396
82.60000000000001	0.47077577915939817	355.04725411848426	355.51802989764366
82.7	0.649644412495994	354.7737871299062	355.4234315424022
82.80000000000001	0.9717791896441753	354.2870165200464	355.25879570969056
82.9	1.424760243706574	353.5981912590512	355.0229515027578
83.0	1.9805823193912282	352.7427114484472	354.7232937678384
83.10000000000001	2.5882293143931396	351.80083338495837	354.3890626993515
83.2	3.208236213264242	350.83136786380436	354.0396040770686
83.30000000000001	3.800910723298865	349.8940250935654	353.69493581686424
83.4	4.314442075276517	349.0675986708893	353.38204074616584
83.5	4.699174539812261	348.4212840843294	353.12045862414163
83.60000000000001	4.910136178194869	348.0241834828494	352.9343196610443
83.7	4.937609375411011	347.8935727558776	352.8311821312886
83.80000000000001	4.7992368052562995	348.01141737763805	352.8106541828944
83.9	4.519928781081149	348.3504464081066	352.87037518918777
84.0	4.129401140382743	348.8731221637068	353.00252330408955
84.10000000000001	3.66672818686628	349.5220985501268	353.1888267369931
84.2	3.166218186158096	350.24480214311956	353.4110203292777
84.30000000000001	2.638895603479207	351.0238723365757	353.66276794005495
84.4	2.0831233286165656	351.86357531259176	353.94669864120834
84.5	1.5235200931528021	352.7228311976715	354.2463512908243
84.60000000000001	1.0102976924554585	353.52134835402876	354.53164604648424
84.7	0.6005366476575755	354.1655166370098	354.76605328466735
84.80000000000001	0.33115448283777227	354.5949201811456	354.92607466398334
84.9	0.22139393585091366	354.7749476630141	354.996341598865
85.0	0.27369954901138255	354.69669393914796	354.97039348815935
85.10000000000001	0.4767676259968126	354.3770161233388	354.8537837493356
85.2	0.8180741688948096	353.83511682385324	354.653190992748
85.30000000000001	1.2754772714316773	353.10629554421905	354.3817728156507
85.4	1.8193294001836433	352.23373861376774	354.05306801395136
85.5	2.410948960850071	351.27371306815957	353.68466202900964
85.60000000000001	3.005267470110706	350.2961053587479	353.30137282885863
85.7	3.5633036106103573	349.3649586373696	352.92826224798
85.80000000000001	4.065349283813577	348.51367702848637	352.57902631229996
85.9	4.49983159214034	347.76011998014235	352.2599515722827
86.0	4.835711998783891	347.154339337976	351.9900513367599
86.10000000000001	5.0279309057651655	346.7706267734256	351.79855767919076
86.2	5.044900823623869	346.662121102503	351.7070219261269
86.30000000000001	4.8885225164694495	346.82677769029436	351.7153002067638
86.4	4.588383564492787	347.21841828565846	351.80680185015126
86.5	4.183979443635474	347.77766950358006	351.9616489472155
86.60000000000001	3.7073228498853776	348.46215939199	352.16948224187536
86.7	3.177989926011661	349.24876717816306	352.4267571041747
86.80000000000001	2.6146616297259264	350.11329799144437	352.72795962117027
86.9	2.0618513449830185	350.98234096416957	353.0441923091526
87.0	1.5685803168678965	351.7718846020375	353.3404649189054
87.10000000000001	1.1659636623540106	352.4282491806201	353.5942128429741
87.2	0.8833483318803839	352.89778297291457	353.78113130479494
87.30000000000001	0.7436498406344705	353.1336414598865	353.877291300521
87.4	0.7503522909835444	353.1264402149815	353.87679250596506
87.5	0.9066131485925754	352.87105464450093	353.7776677930935
87.60000000000001	1.2092168625955746	352.3732246860508	353.58244154864633
87.7	1.63195290765533	351.6782814290135	353.3102343366688
87.80000000000001	2.1411231374367823	350.8425233810219	352.9836465184587
87.9	2.69939713290335	349.9270447109848	352.62644184388813
88.0	3.2598966298721685	349.009193512728	352.2690901426002
88.10000000000001	3.7789191900771377	348.1606089575412	351.9395281476184
88.2	4.224879353009801	347.4334477345794	351.65832708758916
88.30000000000001	4.574875040533724	346.86551303642915	351.44038807696285
88.4	4.805743901902547	346.4948881112515	351.30063201315403
88.5	4.894543332570526	346.3592562507662	351.25379958333673
88.60000000000001	4.835956422638538	346.46544989996096	351.3014063225995
88.7	4.639730382747584	346.79413843953154	351.4338688222791
88.80000000000001	4.319959793875676	347.316653658188	351.63661345206367
88.9	3.8862793955417887	348.01545831112463	351.90173770666644
89.0	3.363293750090092	348.84966418058815	352.2129579306782
89.10000000000001	2.791770734717643	349.75602904800877	352.54779978272643
89.2	2.228566911276015	350.64869578162165	352.87726269289766
89.30000000000001	1.7406956170732766	351.4248395085121	353.1655351255854
89.4	1.378104698454095	352.00595940537687	353.38406410383095
89.5	1.1600211101230207	352.3613106720817	353.5213317822047
89.60000000000001	1.0902186051263796	352.4818617444082	353.5720803495346
89.7	1.1560520416760323	352.38490044939664	353.5409524910727
89.80000000000001	1.32747785517508	352.116788192544	353.44426604771905
89.9	1.5755956658929149	351.72133641868	353.2969320845729
90.0	1.8696700971239908	351.2466939202633	353.1163640173873
90.10000000000001	2.1763562388371795	350.7469095725593	352.92326581139645
90.2	2.4766480658507453	350.2497920119876	352.72644007783833
90.30000000000001	2.7547699185609913	349.7797037735721	352.53447369213313
90.4	2.996164542529573	349.3583646470416	352.35452918957117
90.5	3.1848938826666746	349.01096085711134	352.19585473977804
90.60000000000001	3.304193901171623	348.7676541439827	352.07184804515435
90.7	3.3467955381747796	348.6432381811775	351.99003371935225
90.80000000000001	3.309998795288403	348.6482179758635	351.95821677115185
90.9	3.206195181317469	348.7673669849393	351.9735621662568
91.0	3.0571136028585775	348.9686715678471	352.02578517070566
91.10000000000001	2.8814055562627345	349.2244452712827	352.10585082754545
91.2	2.6970447805100415	349.5070773699018	352.2041221504119
91.30000000000001	2.522648622311553	349.7866235058923	352.3092721282039
91.4	2.368875114143869	350.0462118214303	352.41508693557415
91.5	2.2332764527817814	350.2879401256924	352.5212165784742
91.60000000000001	2.101262848893055	350.53410340134093	352.635366250234
91.7	1.960165085594877	350.8037392319641	352.76390431755897
91.80000000000001	1.8052439284742272	351.1006100462527	352.90585397472694
91.9	1.6422289653511217	351.4102764700218	353.05250543537295
92.0	1.480048503411662	351.7143302663137	353.19437876972535
92.10000000000001	1.3253897997599737	351.99858029966197	353.32397009942196
92.2	1.1828808655162595	352.2549533473456	353.43783421286184
92.30000000000001	1.0591356912615912	352.4743896006922	353.53352529195377
92.4	0.9737787772565191	352.62752377449743	353.601302551754
92.5	0.95014944592194	352.67772918103304	353.627878626955
92.60000000000001	0.9948611199316713	352.6184623344489	353.6133234543806
92.7	1.1187098335684647	352.43190573437676	353.5506155679452
92.80000000000001	1.321966253003102	352.1192024026335	353.4411686556366
92.9	1.583897752833036	351.7175525046685	353.30145025750153
93.0	1.8904280531330802	351.2496669087041	353.1400949618372
93.10000000000001	2.2318646738617423	350.7284805361363	352.9603452099981
93.2	2.5759387181241085	350.20305215876886	352.778990876893
93.30000000000001	2.877979859853406	349.73953325312266	352.61751311297604
93.4	3.1023644994412516	349.3899740563875	352.4923385558287
93.5	3.21911309745193	349.2029469765665	352.4220600740185
93.60000000000001	3.214602500114427	349.20384333452347	352.4184458346379
93.7	3.098966095292286	349.3788133549614	352.47777945025365
93.80000000000001	2.883774856888487	349.7083812353391	352.5921560922276
93.9	2.5613692850221352	350.2073864716463	352.76875575666844
94.0	2.135753558318013	350.86947386157624	353.00522741989425
94.10000000000001	1.645069337820152	351.6341483831729	353.279217720993
94.2	1.1546772362747457	352.3976390197258	353.5523162560005
94.30000000000001	0.7315090219518738	353.0562621345655	353.78777115651735
94.4	0.4260923994975452	353.53137337738275	353.95746577688027
94.5	0.25853573935595425	353.79345023916886	354.05198597852484
94.60000000000001	0.23442789812068252	353.8330591673713	354.06748706549195
94.7	0.35332608214160216	353.6484491164761	354.00177519861774
94.80000000000001	0.6050822072453499	353.2543740730313	353.8594562802766
94.9	0.9748981665369134	352.6715109697869	353.64640913632377
95.0	1.4317523488085218	351.9484195163493	353.3801718651578
95.10000000000001	1.9321254029406423	351.1560428471169	353.08816825005755
95.2	2.4324170110702537	350.36384524617955	352.7962622572498
95.30000000000001	2.8829186908283755	349.6513232948501	352.5342419856785
95.4	3.234228527181027	349.0978869818398	352.3321155090208
95.5	3.4467954840151602	348.7693709672301	352.2161664512453
95.60000000000001	3.5105171262554586	348.68097040233056	352.19148752858604
95.7	3.4413218130982175	348.8044368778404	352.2457586909386
95.80000000000001	3.255164780026818	349.11278261795565	352.36794739798245
95.9	2.960369559856615	349.59366938037994	352.5540389402365
96.0	2.5804657367509143	350.208492371277	352.7889581080279
96.10000000000001	2.1612734538558875	350.8875418270432	353.0488152808991
96.2	1.7610928378640647	351.5362705203212	353.29736335818524
96.30000000000001	1.4016322648230577	352.11833153604084	353.5199638008639
96.4	1.080892644571473	352.63608186519826	353.7169745097697
96.5	0.8075129862166935	353.0738283251493	353.881341311366
96.60000000000001	0.5964630240186618	353.4080859653883	354.00454898940694
96.7	0.46316806503159025	353.614222569468	354.0773906344996
96.80000000000001	0.40603677454639575	353.69567213775537	354.1017089123018
96.9	0.40631224596844484	353.68453702215356	354.090849268122
97.0	0.44202688879832047	353.6166325525761	354.0586594413744
97.10000000000001	0.49323177919012046	353.526958721499	354.0201905006891
97.2	0.5500539653352913	353.432245495907	353.9822994612423
97.30000000000001	0.5976615926944254	353.35766438586023	353.95532597855464
97.4	0.627627441386647	353.31507039360156	353.9426978349882
97.5	0.6463072887659028	353.2908625480973	353.93716983686323
97.60000000000001	0.6535821910371808	353.2848658330389	353.9384480240761
97.7	0.6514062771657083	353.2944136641591	353.9458199413248
97.80000000000001	0.6613374604700339	353.2830660370421	353.9444034975121
97.9	0.707752534998379	353.21233300683326	353.92008554183167
98.0	0.8059645807890773	353.0590398406028	353.86500442139186
98.10000000000001	0.9506002326018571	352.8313744684386	353.78197470104044
98.2	1.1136391677236743	352.57366413843613	353.6873033061598
98.30000000000001	1.2699299757995555	352.32294067862284	353.59287065442237
98.4	1.3989361190824887	352.1092880641055	353.50822418318796
98.5	1.4861128437470128	351.9578695713555	353.44398241510254
98.60000000000001	1.5352302508421865	351.8614028567777	353.3966331076199
98.7	1.5458553419934047	351.8240744567362	353.3699297987296
98.80000000000001	1.5160312434741219	351.852365534806	353.3683967782801
98.9	1.446586871690909	351.9455176747053	353.3921045463962
99.0	1.3360523709373653	352.1066025885906	353.44265495952794
99.10000000000001	1.1857651335467287	352.33229995648327	353.51806509003
99.2	0.9940482194034268	352.623739805353	353.61778802475646
99.30000000000001	0.7649466820056685	352.97466983325006	353.7396165152557
99.4	0.5252352812325757	353.3425629090908	353.8677981903234
99.5	0.31674974035421705	353.66051889657916	353.9772686369334
99.60000000000001	0.1749532023376422	353.8748003766265	354.04975357896416
99.7	0.12531098333785895	353.94896719795975	354.0742781812976
99.80000000000001	0.18307803184655774	353.85989670485253	354.0429747366991
99.9	0.34591358910238573	353.61172960552875	353.95764319463115
100.0	0.598966769908328	353.22642127107986	353.8253880409882
#  end
