# dt=0.1 eps=1.0e-6 size_x=64 size_v=128
# x : from 0.0 to 12.566370614359172
# v : from -6.0 to 6.0
# interpolation : Lagrange{BigFloat, true} order=41
# type=BigFloat precision = 256
#time	el-energy	kinetic-energy	global-energy
0.0	2.5132741126864394e-11	12.566369650622143	12.566369650647275
0.1	2.4819758694787335e-11	12.566369650622457	12.566369650647276
0.2	2.389792824108906e-11	12.56636965062338	12.566369650647278
0.3	2.241747940324652e-11	12.566369650624866	12.566369650647284
0.4	2.045847227383385e-11	12.566369650626832	12.56636965064729
0.5	1.8125588482943803e-11	12.566369650629172	12.566369650647298
0.6	1.5541367247138515e-11	12.566369650631763	12.566369650647305
0.7	1.2838366410148973e-11	12.566369650634474	12.566369650647312
0.8	1.0150800714619044e-11	12.56636965063717	12.56636965064732
0.9	7.606240294380797e-12	12.566369650639722	12.566369650647328
1.0	5.317939738076565e-12	12.566369650642015	12.566369650647333
1.1	3.378313518290932e-12	12.56636965064396	12.566369650647339
1.2	1.8539818187592607e-12	12.566369650645488	12.566369650647342
1.3	7.82689365347794e-13	12.566369650646559	12.566369650647342
1.4	1.7225850100649542e-13	12.56636965064717	12.566369650647342
1.5	1.5875468043368022e-15	12.566369650647339	12.56636965064734
1.6	2.2355803978673948e-13	12.566369650647113	12.566369650647337
1.7	7.695808584648122e-13	12.566369650646564	12.566369650647333
1.8	1.5554013357262618e-12	12.566369650645774	12.56636965064733
1.9	2.487704940537706e-12	12.566369650644836	12.566369650647323
2.0	3.4710230721995247e-12	12.566369650643848	12.566369650647319
2.1	4.414435071827508e-12	12.566369650642901	12.566369650647315
2.2	5.237596775817553e-12	12.566369650642073	12.566369650647312
2.3	5.875693981204545e-12	12.566369650641434	12.56636965064731
2.4	6.28301472502221e-12	12.566369650641025	12.566369650647308
2.5	6.434949037473938e-12	12.566369650640873	12.566369650647308
2.6	6.328349343510906e-12	12.56636965064098	12.566369650647308
2.7	5.980309073700916e-12	12.56636965064133	12.56636965064731
2.8	5.425531796187406e-12	12.566369650641887	12.566369650647312
2.9	4.7125599057797705e-12	12.566369650642603	12.566369650647315
3.0	3.899203948022502e-12	12.56636965064342	12.566369650647319
3.1	3.0475565523013336e-12	12.566369650644274	12.566369650647323
3.2	2.218986691463625e-12	12.566369650645106	12.566369650647324
3.3	1.4694910809101651e-12	12.566369650645859	12.566369650647328
3.4	8.457328473977135e-13	12.566369650646484	12.56636965064733
3.5	3.820280416596155e-13	12.56636965064695	12.566369650647331
3.6	9.845460134083913e-14	12.566369650647234	12.566369650647331
3.7	1.6343002279256363e-16	12.566369650647331	12.566369650647331
3.8	7.787512709778333e-14	12.566369650647253	12.566369650647331
3.9	3.0945607928686083e-13	12.566369650647019	12.566369650647328
4.0	6.623907423355391e-13	12.566369650646665	12.566369650647328
4.1	1.0969082922250552e-12	12.566369650646228	12.566369650647326
4.2	1.5694850070275645e-12	12.566369650645752	12.566369650647323
4.3	2.0364304597763276e-12	12.566369650645283	12.566369650647319
4.4	2.4572756366851165e-12	12.56636965064486	12.566369650647317
4.5	2.7977124091852417e-12	12.56636965064452	12.566369650647317
4.6	3.0318827912422893e-12	12.566369650644285	12.566369650647317
4.7	3.1438783223193617e-12	12.566369650644173	12.566369650647317
4.8	3.128379196783898e-12	12.566369650644187	12.566369650647315
4.9	2.990433602825751e-12	12.566369650644326	12.566369650647315
5.0	2.7444445252659335e-12	12.566369650644575	12.566369650647319
5.1	2.412489021932384e-12	12.566369650644907	12.566369650647319
5.2	2.0221397027816815e-12	12.5663696506453	12.56636965064732
5.3	1.6039870700135604e-12	12.566369650645719	12.566369650647323
5.4	1.189073153573907e-12	12.566369650646136	12.566369650647324
5.5	8.064415581943887e-13	12.56636965064652	12.566369650647326
5.6	4.80988020086316e-13	12.566369650646847	12.566369650647328
5.7	2.3176139880836435e-13	12.566369650647097	12.566369650647328
5.8	7.0821132849003e-14	12.566369650647257	12.566369650647328
5.9	2.7075610980504265e-15	12.566369650647326	12.56636965064733
6.0	2.453037017656373e-14	12.566369650647303	12.566369650647328
6.1	1.2663185817245554e-13	12.5663696506472	12.566369650647326
6.2	2.93739358620492e-13	12.566369650647033	12.566369650647326
6.3	5.064879947733483e-13	12.566369650646818	12.566369650647324
6.4	7.431729930067858e-13	12.56636965064658	12.566369650647323
6.5	9.815811350649842e-13	12.566369650646342	12.566369650647324
6.6	1.2007536064198095e-12	12.566369650646122	12.566369650647323
6.7	1.3825465693937727e-12	12.566369650645939	12.56636965064732
6.8	1.5128794843683374e-12	12.566369650645807	12.56636965064732
6.9	1.5825921002696872e-12	12.566369650645738	12.56636965064732
7.0	1.5878662948405737e-12	12.566369650645733	12.56636965064732
7.1	1.5302055501236567e-12	12.566369650645791	12.56636965064732
7.2	1.4159998557508209e-12	12.566369650645905	12.56636965064732
7.3	1.2557345975258601e-12	12.566369650646067	12.566369650647323
7.4	1.0629263551924616e-12	12.56636965064626	12.566369650647323
7.5	8.528849732951741e-13	12.566369650646472	12.566369650647324
7.6	6.414089655378573e-13	12.566369650646683	12.566369650647324
7.7	4.4352018154151196e-13	12.566369650646882	12.566369650647326
7.8	2.7233431676080756e-13	12.566369650647054	12.566369650647326
7.9	1.3814749961382128e-13	12.566369650647188	12.566369650647326
8.0	4.7797538071543484e-14	12.566369650647278	12.566369650647326
8.1	4.333459131116459e-15	12.566369650647323	12.566369650647326
8.2	7.000875650608534e-15	12.566369650647319	12.566369650647326
8.3	5.152557540935291e-14	12.566369650647275	12.566369650647326
8.4	1.3065545616934307e-13	12.566369650647195	12.566369650647326
8.5	2.3490309940702905e-13	12.56636965064709	12.566369650647324
8.6	3.5341901511343207e-13	12.56636965064697	12.566369650647324
8.7	4.749195285939085e-13	12.566369650646848	12.566369650647323
8.8	5.88593523394174e-13	12.566369650646735	12.566369650647323
8.9	6.849184088365534e-13	12.566369650646639	12.566369650647324
9.0	7.563269137758222e-13	12.566369650646566	12.566369650647323
9.1	7.976814399832649e-13	12.566369650646525	12.566369650647323
9.2	8.065303242090937e-13	12.566369650646516	12.566369650647323
9.3	7.831389324886282e-13	12.56636965064654	12.566369650647323
9.4	7.303065343420554e-13	12.566369650646593	12.566369650647323
9.5	6.529960016223476e-13	12.56636965064667	12.566369650647324
9.6	5.578164028426927e-13	12.566369650646767	12.566369650647324
9.7	4.5240768294647465e-13	12.566369650646871	12.566369650647324
9.8	3.4478134992122785e-13	12.56636965064698	12.566369650647324
9.9	2.4267132429265917e-13	12.566369650647083	12.566369650647326
10.0	1.5294509432423883e-13	12.566369650647173	12.566369650647326
10.1	8.111762496120836e-14	12.566369650647244	12.566369650647326
10.2	3.099991263222808e-14	12.566369650647294	12.566369650647324
10.3	4.501656303322091e-15	12.56636965064732	12.566369650647326
10.4	1.5943097027984142e-15	12.566369650647324	12.566369650647326
10.5	2.042786937778444e-14	12.566369650647305	12.566369650647324
10.6	5.758312994586836e-14	12.566369650647268	12.566369650647324
10.7	1.0843163373360077e-13	12.566369650647216	12.566369650647324
10.8	1.67568773965872e-13	12.566369650647157	12.566369650647324
10.9	2.2928184521609924e-13	12.566369650647095	12.566369650647324
11.0	2.880143740426169e-13	12.566369650647037	12.566369650647324
11.1	3.387906521208552e-13	12.566369650646985	12.566369650647324
11.2	3.775696499726362e-13	12.566369650646946	12.566369650647324
11.3	4.015048422044483e-13	12.566369650646923	12.566369650647324
11.4	4.090952255285621e-13	12.566369650646914	12.566369650647323
11.5	4.002221916226207e-13	12.566369650646923	12.566369650647323
11.6	3.7607615728080917e-13	12.566369650646948	12.566369650647324
11.7	3.389852403202425e-13	12.566369650646985	12.566369650647324
11.8	2.92165196566173e-13	12.566369650647033	12.566369650647324
11.9	2.3941484620469886e-13	12.566369650647085	12.566369650647324
12.0	1.8478403876541607e-13	12.56636965064714	12.566369650647324
12.1	1.3224174476709694e-13	12.566369650647193	12.566369650647324
12.2	8.537021218169716e-14	12.566369650647239	12.566369650647324
12.3	4.710754642879158e-14	12.566369650647278	12.566369650647326
12.4	1.9555958122048545e-14	12.566369650647307	12.566369650647326
12.5	3.86676431384276e-15	12.56636965064732	12.566369650647324
12.6	2.065700040873765e-16	12.566369650647324	12.566369650647324
12.7	7.802447493273374e-15	12.566369650647317	12.566369650647324
12.8	2.5057885461227756e-14	12.5663696506473	12.566369650647324
12.9	4.97262365510362e-14	12.566369650647275	12.566369650647324
13.0	7.912468636355643e-14	12.566369650647246	12.566369650647326
13.1	1.1036960832804104e-13	12.566369650647214	12.566369650647324
13.2	1.406136346528975e-13	12.566369650647184	12.566369650647324
13.3	1.6726580869393607e-13	12.566369650647157	12.566369650647324
13.4	1.8817861439483614e-13	12.566369650647136	12.566369650647324
13.5	2.017892310355489e-13	12.566369650647122	12.566369650647324
13.6	2.0720669194131624e-13	12.566369650647117	12.566369650647324
13.7	2.042413492987069e-13	12.56636965064712	12.566369650647324
13.8	1.9337777118016726e-13	12.56636965064713	12.566369650647324
13.9	1.7569655198269364e-13	12.566369650647149	12.566369650647324
14.0	1.5275418521533477e-13	12.566369650647172	12.566369650647324
14.1	1.2643288206976617e-13	12.566369650647198	12.566369650647324
14.2	9.877386219248904e-14	12.566369650647227	12.566369650647326
14.3	7.180813099758537e-14	12.566369650647253	12.566369650647324
14.4	4.739812123948122e-14	12.566369650647278	12.566369650647326
14.5	2.7101932023898076e-14	12.566369650647298	12.566369650647324
14.6	1.2069434449364398e-14	12.566369650647314	12.566369650647326
14.7	2.976470971738112e-15	12.566369650647323	12.566369650647326
14.8	2.7545971075686243e-20	12.566369650647326	12.566369650647326
14.9	2.8338835334779193e-15	12.566369650647323	12.566369650647326
15.0	1.0741109574303127e-14	12.566369650647314	12.566369650647324
15.1	2.2637118937893262e-14	12.566369650647303	12.566369650647326
15.2	3.71949636401648e-14	12.566369650647287	12.566369650647324
15.3	5.29633216337114e-14	12.566369650647273	12.566369650647326
15.4	6.848719723382393e-14	12.566369650647257	12.566369650647326
15.5	8.242173799428401e-14	12.566369650647243	12.566369650647324
15.6	9.363067983958147e-14	12.566369650647232	12.566369650647326
15.7	1.0126263848434225e-13	12.566369650647223	12.566369650647324
15.8	1.0480060012212188e-13	12.56636965064722	12.566369650647324
15.9	1.0408233566716514e-13	12.566369650647221	12.566369650647326
16.0	9.929187106758967e-14	12.566369650647225	12.566369650647324
16.1	9.092440092728097e-14	12.566369650647234	12.566369650647324
16.2	7.972896674864941e-14	12.566369650647244	12.566369650647324
16.3	6.66347024108495e-14	12.566369650647259	12.566369650647326
16.4	5.2667389147143815e-14	12.566369650647273	12.566369650647326
16.5	3.886341902450858e-14	12.566369650647287	12.566369650647326
16.6	2.6188046520916232e-14	12.5663696506473	12.566369650647326
16.7	1.5464063639692854e-14	12.56636965064731	12.566369650647326
16.8	7.315854459829761e-15	12.566369650647317	12.566369650647324
16.9	2.1322881830237986e-15	12.566369650647323	12.566369650647324
17.0	5.023147421024585e-17	12.566369650647324	12.566369650647324
17.1	9.58743180487167e-16	12.566369650647324	12.566369650647326
17.2	4.522393976319004e-15	12.56636965064732	12.566369650647326
17.3	1.022075102621769e-14	12.566369650647315	12.566369650647326
17.4	1.7399980050544165e-14	12.566369650647308	12.566369650647326
17.5	2.5331810545125018e-14	12.5663696506473	12.566369650647324
17.6	3.3274816928729526e-14	12.566369650647292	12.566369650647326
17.7	4.0533087387480523e-14	12.566369650647285	12.566369650647326
17.8	4.6507849360187393e-14	12.566369650647278	12.566369650647324
17.9	5.073843461650878e-14	12.566369650647275	12.566369650647326
18.0	5.2930015252584766e-14	12.566369650647273	12.566369650647326
18.1	5.296672877935999e-14	12.566369650647273	12.566369650647326
18.2	5.091003479520133e-14	12.566369650647275	12.566369650647326
18.3	4.698330958076415e-14	12.566369650647278	12.566369650647324
18.4	4.1544700943995405e-14	12.566369650647284	12.566369650647324
18.5	3.50510631439437e-14	12.56636965064729	12.566369650647326
18.6	2.8016321380169583e-14	12.566369650647298	12.566369650647326
18.7	2.096785166872835e-14	12.566369650647305	12.566369650647326
18.8	1.44044038994617e-14	12.56636965064731	12.566369650647324
18.9	8.758765518635574e-15	12.566369650647317	12.566369650647326
19.0	4.367802619734493e-15	12.56636965064732	12.566369650647324
19.1	1.4517817732376961e-15	12.566369650647324	12.566369650647326
19.2	1.0403729073380726e-16	12.566369650647324	12.566369650647324
19.3	2.911766098824518e-16	12.566369650647324	12.566369650647324
19.4	1.863181254152788e-15	12.566369650647323	12.566369650647324
19.5	4.5720254693163695e-15	12.56636965064732	12.566369650647326
19.6	8.096850712472909e-15	12.566369650647317	12.566369650647326
19.7	1.2073338312856979e-14	12.566369650647314	12.566369650647326
19.8	1.612473460101022e-14	12.566369650647308	12.566369650647324
19.9	1.9892004957141928e-14	12.566369650647305	12.566369650647324
20.0	2.3060811334994798e-14	12.566369650647301	12.566369650647324
20.1	2.5383393176864214e-14	12.5663696506473	12.566369650647324
20.2	2.6693944182856075e-14	12.566369650647298	12.566369650647324
20.3	2.691666950656344e-14	12.566369650647298	12.566369650647324
20.4	2.606632860521553e-14	12.5663696506473	12.566369650647326
20.5	2.4241667960858728e-14	12.566369650647301	12.566369650647326
20.6	2.1612679674470438e-14	12.566369650647303	12.566369650647324
20.7	1.8403048941111627e-14	12.566369650647307	12.566369650647324
20.8	1.48694484894133e-14	12.56636965064731	12.566369650647324
20.9	1.1279485988060907e-14	12.566369650647314	12.566369650647324
21.0	7.890108369082646e-15	12.566369650647317	12.566369650647324
21.1	4.928124067391198e-15	12.56636965064732	12.566369650647326
21.2	2.5742398779465716e-15	12.566369650647323	12.566369650647324
21.3	9.51651360093741e-16	12.566369650647324	12.566369650647326
21.4	1.1980799753704388e-16	12.566369650647324	12.566369650647324
21.5	7.353287035062127e-17	12.566369650647324	12.566369650647324
21.6	7.472473330470644e-16	12.566369650647324	12.566369650647324
21.7	2.0236669525888957e-15	12.566369650647323	12.566369650647324
21.8	3.746023103597463e-15	12.56636965064732	12.566369650647324
21.9	5.7326452210771776e-15	12.566369650647319	12.566369650647324
22.0	7.792623428395743e-15	12.566369650647317	12.566369650647324
22.1	9.741262912699169e-15	12.566369650647315	12.566369650647324
22.2	1.1414134306438702e-14	12.566369650647314	12.566369650647324
22.3	1.2678705172665528e-14	12.566369650647312	12.566369650647324
22.4	1.3442787117507288e-14	12.566369650647312	12.566369650647326
22.5	1.3659327489754943e-14	12.566369650647312	12.566369650647326
22.6	1.3327388381822304e-14	12.566369650647312	12.566369650647326
22.7	1.248946304305186e-14	12.566369650647312	12.566369650647324
22.8	1.1225557203587714e-14	12.566369650647314	12.566369650647324
22.9	9.64469028517715e-15	12.566369650647315	12.566369650647324
23.0	7.87463422932241e-15	12.566369650647317	12.566369650647324
23.1	6.05079682861666e-15	12.566369650647319	12.566369650647324
23.2	4.305169410182858e-15	12.56636965064732	12.566369650647324
23.3	2.756199007355466e-15	12.566369650647323	12.566369650647326
23.4	1.5003217555088202e-15	12.566369650647324	12.566369650647326
23.5	6.057205926207986e-16	12.566369650647324	12.566369650647324
23.6	1.0866299691697158e-16	12.566369650647324	12.566369650647324
23.7	1.2551664004754375e-17	12.566369650647324	12.566369650647324
23.8	2.896010530601461e-16	12.566369650647324	12.566369650647324
23.9	8.84852641152249e-16	12.566369650647324	12.566369650647324
24.0	1.7220759757569612e-15	12.566369650647324	12.566369650647326
24.1	2.710982123129113e-15	12.566369650647323	12.566369650647326
24.2	3.755107603262573e-15	12.56636965064732	12.566369650647324
24.3	4.759712645901831e-15	12.56636965064732	12.566369650647326
24.4	5.639075486360787e-15	12.566369650647319	12.566369650647324
24.5	6.322648384256103e-15	12.566369650647319	12.566369650647326
24.6	6.7596617902839295e-15	12.566369650647319	12.566369650647326
24.7	6.921908981382797e-15	12.566369650647319	12.566369650647326
24.8	6.804601633134396e-15	12.566369650647319	12.566369650647326
24.9	6.425344108924463e-15	12.566369650647319	12.566369650647326
25.0	5.821418470574932e-15	12.566369650647319	12.566369650647324
25.1	5.045692858031867e-15	12.56636965064732	12.566369650647326
25.2	4.161554916777851e-15	12.56636965064732	12.566369650647324
25.3	3.237324289913383e-15	12.566369650647323	12.566369650647326
25.4	2.3406119267638583e-15	12.566369650647323	12.566369650647324
25.5	1.5330703122790308e-15	12.566369650647324	12.566369650647326
25.6	8.659217621363919e-16	12.566369650647324	12.566369650647324
25.7	3.765680903248313e-16	12.566369650647324	12.566369650647324
25.8	8.64823909720532e-17	12.566369650647324	12.566369650647324
25.9	4.715156140333021e-19	12.566369650647324	12.566369650647324
26.0	1.072854096241886e-16	12.566369650647324	12.566369650647324
26.1	3.8144560064992033e-16	12.566369650647324	12.566369650647324
26.2	7.860774196154884e-16	12.566369650647324	12.566369650647324
26.3	1.2764648773071787e-15	12.566369650647324	12.566369650647326
26.4	1.804007338190739e-15	12.566369650647323	12.566369650647324
26.5	2.320244799248329e-15	12.566369650647323	12.566369650647324
26.6	2.78063302745901e-15	12.566369650647323	12.566369650647326
26.7	3.147788313525605e-15	12.566369650647323	12.566369650647326
26.8	3.3939797211662867e-15	12.566369650647323	12.566369650647326
26.9	3.5027187408409877e-15	12.566369650647323	12.566369650647326
27.0	3.469375736634232e-15	12.566369650647323	12.566369650647326
27.1	3.300832849247917e-15	12.566369650647323	12.566369650647326
27.2	3.014257764449844e-15	12.566369650647323	12.566369650647326
27.3	2.6351464606972644e-15	12.566369650647323	12.566369650647324
27.4	2.1948313888334427e-15	12.566369650647323	12.566369650647324
27.5	1.7276816456560268e-15	12.566369650647324	12.566369650647326
27.6	1.2682323120262368e-15	12.566369650647324	12.566369650647326
27.7	8.484715649921728e-16	12.566369650647324	12.566369650647324
27.8	4.954882509169826e-16	12.566369650647324	12.566369650647324
27.9	2.2964238113415113e-16	12.566369650647324	12.566369650647324
28.0	6.337047770352341e-17	12.566369650647324	12.566369650647324
28.1	6.814172612828164e-19	12.566369650647326	12.566369650647326
28.2	3.73411365185611e-17	12.566369650647324	12.566369650647324
28.3	1.616908112421165e-16	12.566369650647324	12.566369650647324
28.4	3.5599689332670536e-16	12.566369650647324	12.566369650647324
28.5	5.981958542410623e-16	12.566369650647324	12.566369650647324
28.6	8.638737802482826e-16	12.566369650647324	12.566369650647324
28.7	1.1283121074164066e-15	12.566369650647324	12.566369650647326
28.8	1.368435642141371e-15	12.566369650647324	12.566369650647326
28.9	1.564516390902748e-15	12.566369650647324	12.566369650647326
29.0	1.7015145186974178e-15	12.566369650647324	12.566369650647326
29.1	1.7699731770080187e-15	12.566369650647324	12.566369650647326
29.2	1.7664237669785994e-15	12.566369650647324	12.566369650647326
29.3	1.6932990566361124e-15	12.566369650647324	12.566369650647326
29.4	1.5583901976292563e-15	12.566369650647324	12.566369650647326
29.5	1.3739171996747307e-15	12.566369650647324	12.566369650647326
29.6	1.155308503735666e-15	12.566369650647324	12.566369650647326
29.7	9.198023504658557e-16	12.566369650647324	12.566369650647326
29.8	6.849898719144028e-16	12.566369650647324	12.566369650647324
29.9	4.674172605935243e-16	12.566369650647324	12.566369650647324
30.0	2.813527749429953e-16	12.566369650647324	12.566369650647324
30.1	1.378051668099605e-16	12.566369650647324	12.566369650647324
30.2	4.3855314316550595e-17	12.566369650647324	12.566369650647324
30.3	2.334686051125322e-18	12.566369650647326	12.566369650647326
30.4	1.1855150621430142e-17	12.566369650647326	12.566369650647326
30.5	6.716691181429817e-17	12.566369650647324	12.566369650647324
30.6	1.5979708001265078e-16	12.566369650647324	12.566369650647324
30.7	2.7890227633095033e-16	12.566369650647324	12.566369650647324
30.8	4.122558947429251e-16	12.566369650647324	12.566369650647324
30.9	5.472848404087371e-16	12.566369650647324	12.566369650647324
31.0	6.72071759255059e-16	12.566369650647324	12.566369650647324
31.1	7.762464645659828e-16	12.566369650647324	12.566369650647324
31.2	8.517034635875479e-16	12.566369650647324	12.566369650647324
31.3	8.930998319199621e-16	12.566369650647324	12.566369650647326
31.4	8.981075733930662e-16	12.566369650647324	12.566369650647326
31.5	8.674153321695496e-16	12.566369650647324	12.566369650647324
31.6	8.044942218295791e-16	12.566369650647324	12.566369650647324
31.7	7.151600972481515e-16	12.566369650647324	12.566369650647324
31.8	6.069785854531617e-16	12.566369650647324	12.566369650647324
31.9	4.885687300396592e-16	12.566369650647324	12.566369650647324
32.0	3.68865709156052e-16	12.566369650647324	12.566369650647324
32.1	2.5640269275894176e-16	12.566369650647324	12.566369650647324
32.2	1.586668387014145e-16	12.566369650647324	12.566369650647324
32.3	8.157536289642867e-17	12.566369650647324	12.566369650647324
32.4	2.91055023966896e-17	12.566369650647324	12.566369650647324
32.5	3.0981502300312055e-18	12.566369650647326	12.566369650647326
32.6	3.2401890270438658e-18	12.566369650647326	12.566369650647326
32.7	2.721628233672318e-17	12.566369650647324	12.566369650647324
32.8	7.100818469022322e-17	12.566369650647324	12.566369650647324
32.9	1.2930940328576096e-16	12.566369650647324	12.566369650647324
33.0	1.9601593848689768e-16	12.566369650647324	12.566369650647324
33.1	2.647502171191228e-16	12.566369650647324	12.566369650647324
33.2	3.2937528676517774e-16	12.566369650647324	12.566369650647324
33.3	3.844596524874329e-16	12.566369650647324	12.566369650647324
33.4	4.256593509983793e-16	12.566369650647324	12.566369650647324
33.5	4.499923130976324e-16	12.566369650647324	12.566369650647324
33.6	4.559899688375109e-16	12.566369650647324	12.566369650647324
33.7	4.4372154101924676e-16	12.566369650647324	12.566369650647324
33.8	4.1469669611351397e-16	12.566369650647324	12.566369650647324
33.9	3.7166139416247447e-16	12.566369650647324	12.566369650647324
34.0	3.1830924603185104e-16	12.566369650647324	12.566369650647324
34.1	2.5893596520460193e-16	12.566369650647324	12.566369650647324
34.2	1.9806730956306276e-16	12.566369650647324	12.566369650647324
34.3	1.4009117368275802e-16	12.566369650647324	12.566369650647324
34.4	8.89223445990521e-17	12.566369650647324	12.566369650647324
34.5	4.772418520236743e-17	12.566369650647324	12.566369650647324
34.6	1.8705616506450897e-17	12.566369650647326	12.566369650647326
34.7	3.0047914813549392e-18	12.566369650647326	12.566369650647326
34.8	6.633990473330106e-19	12.566369650647326	12.566369650647326
34.9	1.0688218153703946e-17	12.566369650647326	12.566369650647326
35.0	3.11899226410781e-17	12.566369650647324	12.566369650647324
35.1	5.958369359527455e-17	12.566369650647324	12.566369650647324
35.2	9.283228276767982e-17	12.566369650647324	12.566369650647324
35.3	1.2771000317252863e-16	12.566369650647324	12.566369650647324
35.4	1.610657667748241e-16	12.566369650647324	12.566369650647324
35.5	1.9006466439072441e-16	12.566369650647324	12.566369650647324
35.6	2.123904791074893e-16	12.566369650647324	12.566369650647324
35.7	2.2639562490978867e-16	12.566369650647324	12.566369650647324
35.8	2.311899147141358e-16	12.566369650647324	12.566369650647324
35.9	2.2666485443858607e-16	12.566369650647324	12.566369650647324
36.0	2.1345539584129554e-16	12.566369650647324	12.566369650647324
36.1	1.9284585474025034e-16	12.566369650647324	12.566369650647324
36.2	1.666306672065703e-16	12.566369650647324	12.566369650647324
36.3	1.369435524073876e-16	12.566369650647324	12.566369650647324
36.4	1.0607031414351606e-16	12.566369650647324	12.566369650647324
36.5	7.626088698195209e-17	12.566369650647324	12.566369650647324
36.6	4.9555364589700354e-17	12.566369650647324	12.566369650647324
36.7	2.7636779083355684e-17	12.566369650647324	12.566369650647324
36.8	1.172055018676085e-17	12.566369650647326	12.566369650647326
36.9	2.487066879384432e-18	12.566369650647326	12.566369650647326
37.0	6.010821327469894e-20	12.566369650647326	12.566369650647326
37.1	4.030065538099507e-18	12.566369650647326	12.566369650647326
37.2	1.3517487567143965e-17	12.566369650647326	12.566369650647326
37.3	2.7269583524117422e-17	12.566369650647324	12.566369650647324
37.4	4.378018074109783e-17	12.566369650647324	12.566369650647324
37.5	6.142236435791051e-17	12.566369650647324	12.566369650647324
37.6	7.858267568813456e-17	12.566369650647324	12.566369650647324
37.7	9.37862852724948e-17	12.566369650647324	12.566369650647324
37.8	1.0580389151297704e-16	12.566369650647324	12.566369650647324
37.9	1.137330744011426e-16	12.566369650647324	12.566369650647324
38.0	1.1704926323167104e-16	12.566369650647324	12.566369650647324
38.1	1.1562414056881438e-16	12.566369650647324	12.566369650647324
38.2	1.0971197995027063e-16	12.566369650647324	12.566369650647324
38.3	9.990689200678298e-17	12.566369650647324	12.566369650647324
38.4	8.707605095920946e-17	12.566369650647324	12.566369650647324
38.5	7.227554947342606e-17	12.566369650647324	12.566369650647324
38.6	5.66564924234714e-17	12.566369650647324	12.566369650647324
38.7	4.136925049871896e-17	12.566369650647324	12.566369650647324
38.8	2.747346734547379e-17	12.566369650647324	12.566369650647324
38.9	1.5860512586398506e-17	12.566369650647326	12.566369650647326
39.0	7.193702231408909e-18	12.566369650647326	12.566369650647326
39.1	1.8699027633441867e-18	12.566369650647326	12.566369650647326
39.2	4.2487239213744615e-21	12.566369650647326	12.566369650647326
39.3	1.4377941568713508e-18	12.566369650647326	12.566369650647326
39.4	5.766136383172265e-18	12.566369650647326	12.566369650647326
39.5	1.2385527954058612e-17	12.566369650647326	12.566369650647326
39.6	2.055183282674509e-17	12.566369650647326	12.566369650647326
39.7	2.9446954901478696e-17	12.566369650647324	12.566369650647324
39.8	3.824710226035666e-17	12.566369650647324	12.566369650647324
39.9	4.6187441932124626e-17	12.566369650647324	12.566369650647324
40.0	5.261830570044088e-17	12.566369650647324	12.566369650647324
40.1	5.704905543696171e-17	12.566369650647324	12.566369650647324
40.2	5.917691226232157e-17	12.566369650647324	12.566369650647324
40.3	5.889938934013916e-17	12.566369650647324	12.566369650647324
40.4	5.631033061723435e-17	12.566369650647324	12.566369650647324
40.5	5.1680839236421235e-17	12.566369650647324	12.566369650647324
40.6	4.542748431544025e-17	12.566369650647324	12.566369650647324
40.7	3.807102740203862e-17	12.566369650647324	12.566369650647324
40.8	3.01894585036262e-17	12.566369650647324	12.566369650647324
40.9	2.2369351305600843e-17	12.566369650647326	12.566369650647326
41.0	1.5159440376775895e-17	12.566369650647326	12.566369650647326
41.1	9.029917547984526e-18	12.566369650647326	12.566369650647326
41.2	4.340289695856397e-18	12.566369650647326	12.566369650647326
41.3	1.3178018885233322e-18	12.566369650647326	12.566369650647326
41.4	4.7484693761374424e-20	12.566369650647326	12.566369650647326
41.5	4.739126748381019e-19	12.566369650647326	12.566369650647326
41.6	2.4138402827748547e-18	12.566369650647326	12.566369650647326
41.7	5.578080478571037e-18	12.566369650647326	12.566369650647326
41.8	9.600365985714316e-18	12.566369650647326	12.566369650647326
41.9	1.40705215588005e-17	12.566369650647326	12.566369650647326
42.0	1.8569097513055742e-17	12.566369650647326	12.566369650647326
42.1	2.2700670034588904e-17	12.566369650647326	12.566369650647326
42.2	2.612328426565215e-17	12.566369650647326	12.566369650647326
42.3	2.857196787071345e-17	12.566369650647326	12.566369650647326
42.4	2.9874829625739715e-17	12.566369650647324	12.566369650647324
42.5	2.996092560511292e-17	12.566369650647324	12.566369650647324
42.6	2.885976770546838e-17	12.566369650647326	12.566369650647326
42.7	2.6693009997326778e-17	12.566369650647326	12.566369650647326
42.8	2.3659427956385524e-17	12.566369650647326	12.566369650647326
42.9	2.0014763534749838e-17	12.566369650647326	12.566369650647326
43.0	1.604831674730001e-17	12.566369650647326	12.566369650647326
43.1	1.2058306867899189e-17	12.566369650647326	12.566369650647326
43.2	8.328002168364802e-18	12.566369650647326	12.566369650647326
43.3	5.104438195519021e-18	12.566369650647326	12.566369650647326
43.4	2.581234061475453e-18	12.566369650647326	12.566369650647326
43.5	8.866062100958667e-19	12.566369650647326	12.566369650647326
43.6	7.720756981636088e-20	12.566369650647326	12.566369650647326
43.7	1.3792741020513402e-19	12.566369650647326	12.566369650647326
43.8	9.873133223781764e-19	12.566369650647326	12.566369650647326
43.9	2.4878574561965014e-18	12.566369650647326	12.566369650647326
44.0	4.460053986445866e-18	12.566369650647326	12.566369650647326
44.1	6.698904939797858e-18	12.566369650647326	12.566369650647326
44.2	8.991438704245996e-18	12.566369650647326	12.566369650647326
44.3	1.1133811636424002e-17	12.566369650647326	12.566369650647326
44.4	1.2946680652616704e-17	12.566369650647326	12.566369650647326
44.5	1.4287747752359718e-17	12.566369650647326	12.566369650647326
44.6	1.5060663759332618e-17	12.566369650647326	12.566369650647326
44.7	1.5219811446830103e-17	12.566369650647326	12.566369650647326
44.8	1.4770838861302407e-17	12.566369650647326	12.566369650647326
44.9	1.3767153598376967e-17	12.566369650647326	12.566369650647326
45.0	1.2302892074183186e-17	12.566369650647326	12.566369650647326
45.1	1.0503122925662665e-17	12.566369650647326	12.566369650647326
45.2	8.512214849557973e-18	12.566369650647326	12.566369650647326
45.3	6.481387446980402e-18	12.566369650647326	12.566369650647326
45.4	4.556466996145075e-18	12.566369650647326	12.566369650647326
45.5	2.8667923084175123e-18	12.566369650647326	12.566369650647326
45.6	1.5160696972766689e-18	12.566369650647326	12.566369650647326
45.7	5.757761600438839e-19	12.566369650647326	12.566369650647326
45.8	8.147497872782424e-20	12.566369650647326	12.566369650647326
45.9	3.215854536433506e-20	12.566369650647326	12.566369650647326
46.0	3.924896826628854e-19	12.566369650647326	12.566369650647326
46.1	1.0975937634557216e-18	12.566369650647326	12.566369650647326
46.2	2.059875195614157e-18	12.566369650647326	12.566369650647326
46.3	3.1772049134432577e-18	12.566369650647326	12.566369650647326
46.4	4.3417572378410495e-18	12.566369650647326	12.566369650647326
46.5	5.4487666755932484e-18	12.566369650647326	12.566369650647326
46.6	6.404524922507559e-18	12.566369650647326	12.566369650647326
46.7	7.133038199678727e-18	12.566369650647326	12.566369650647326
46.8	7.580904286657452e-18	12.566369650647326	12.566369650647326
46.9	7.72013398841893e-18	12.566369650647326	12.566369650647326
47.0	7.548818802574073e-18	12.566369650647326	12.566369650647326
47.1	7.089720712518022e-18	12.566369650647326	12.566369650647326
47.2	6.3870178870709966e-18	12.566369650647326	12.566369650647326
47.3	5.5015702594343854e-18	12.566369650647326	12.566369650647326
47.4	4.5051629677338865e-18	12.566369650647326	12.566369650647326
47.5	3.474238278734542e-18	12.566369650647326	12.566369650647326
47.6	2.4836362365123224e-18	12.566369650647326	12.566369650647326
47.7	1.6008326857432152e-18	12.566369650647326	12.566369650647326
47.8	8.810954305721907e-19	12.566369650647326	12.566369650647326
47.9	3.638825612288209e-19	12.566369650647326	12.566369650647326
48.0	7.069067661268323e-20	12.566369650647326	12.566369650647326
48.1	4.435095770458142e-21	12.566369650647326	12.566369650647326
48.2	1.5031955038612934e-19	12.566369650647326	12.566369650647326
48.3	4.780389562911923e-19	12.566369650647326	12.566369650647326
48.4	9.450639393713898e-19	12.566369650647326	12.566369650647326
48.5	1.5006861353568143e-18	12.566369650647326	12.566369650647326
48.6	2.0904628438654242e-18	12.566369650647326	12.566369650647326
48.7	2.660689828753626e-18	12.566369650647326	12.566369650647326
48.8	3.162550872913254e-18	12.566369650647326	12.566369650647326
48.9	3.555638816574723e-18	12.566369650647326	12.566369650647326
49.0	3.81061007134751e-18	12.566369650647326	12.566369650647326
49.1	3.910816495232301e-18	12.566369650647326	12.566369650647326
49.2	3.8528477633963876e-18	12.566369650647326	12.566369650647326
49.3	3.646006555747894e-18	12.566369650647326	12.566369650647326
49.4	3.3108210287454114e-18	12.566369650647326	12.566369650647326
49.5	2.8767681329186473e-18	12.566369650647326	12.566369650647326
49.6	2.3794327452537456e-18	12.566369650647326	12.566369650647326
49.7	1.8573583333461358e-18	12.566369650647326	12.566369650647326
49.8	1.3488537777671929e-18	12.566369650647326	12.566369650647326
49.9	8.890086532573172e-19	12.566369650647326	12.566369650647326
50.0	5.07137938756958e-19	12.566369650647326	12.566369650647326
50.1	2.248303771853711e-19	12.566369650647326	12.566369650647326
50.2	5.471711781358358e-20	12.566369650647326	12.566369650647326
50.3	1.40011978652702e-23	12.566369650647326	12.566369650647326
50.4	5.482717912981264e-20	12.566369650647326	12.566369650647326
50.5	2.0515270343014783e-19	12.566369650647326	12.566369650647326
50.6	4.304506099237834e-19	12.566369650647326	12.566369650647326
50.7	7.056362486461112e-19	12.566369650647326	12.566369650647326
50.8	1.0033083817582931e-18	12.566369650647326	12.566369650647326
50.9	1.2960258303910168e-18	12.566369650647326	12.566369650647326
51.0	1.5584518775679734e-18	12.566369650647326	12.566369650647326
51.1	1.7692067385825445e-18	12.566369650647326	12.566369650647326
51.2	1.9123007266409406e-18	12.566369650647326	12.566369650647326
51.3	1.9780610774486562e-18	12.566369650647326	12.566369650647326
51.4	1.9635101248962862e-18	12.566369650647326	12.566369650647326
51.5	1.87219788893147e-18	12.566369650647326	12.566369650647326
51.6	1.7135345682396003e-18	12.566369650647326	12.566369650647326
51.7	1.5017047889810407e-18	12.566369650647326	12.566369650647326
51.8	1.25427327089696e-18	12.566369650647326	12.566369650647326
51.9	9.906091711070442e-19	12.566369650647326	12.566369650647326
52.0	7.302629856112231e-19	12.566369650647326	12.566369650647326
52.1	4.914256617158283e-19	12.566369650647326	12.566369650647326
52.2	2.895854718525254e-19	12.566369650647326	12.566369650647326
52.3	1.3647590401961938e-19	12.566369650647326	12.566369650647326
52.4	3.93795599655519e-20	12.566369650647326	12.566369650647326
52.5	8.2137825484686e-22	12.566369650647326	12.566369650647326
52.6	1.865209087813684e-20	12.566369650647326	12.566369650647326
52.7	8.649225534828083e-20	12.566369650647326	12.566369650647326
52.8	1.944807609988232e-19	12.566369650647326	12.566369650647326
52.9	3.3025121442131964e-19	12.566369650647326	12.566369650647326
53.0	4.800463183690685e-19	12.566369650647326	12.566369650647326
53.1	6.298748874834947e-19	12.566369650647326	12.566369650647326
53.2	7.66618460687899e-19	12.566369650647326	12.566369650647326
53.3	8.790039333787782e-19	12.566369650647326	12.566369650647326
53.4	9.583740791505716e-19	12.566369650647326	12.566369650647326
53.5	9.992076963032716e-19	12.566369650647326	12.566369650647326
53.6	9.99363579879675e-19	12.566369650647326	12.566369650647326
53.7	9.600456700192955e-19	12.566369650647326	12.566369650647326
53.8	8.855087064326755e-19	12.566369650647326	12.566369650647326
53.9	7.825428735792155e-19	12.566369650647326	12.566369650647326
54.0	6.597909188809996e-19	12.566369650647326	12.566369650647326
54.1	5.269611403751835e-19	12.566369650647326	12.566369650647326
54.2	3.9400399858873916e-19	12.566369650647326	12.566369650647326
54.3	2.7031890240691805e-19	12.566369650647326	12.566369650647326
54.4	1.6405137933707722e-19	12.566369650647326	12.566369650647326
54.5	8.153017231121043e-20	12.566369650647326	12.566369650647326
54.6	2.6879903689272278e-20	12.566369650647326	12.566369650647326
54.7	1.829094573484302e-21	12.566369650647326	12.566369650647326
54.8	5.716880670095803e-21	12.566369650647326	12.566369650647326
54.9	3.5686045348923685e-20	12.566369650647326	12.566369650647326
55.0	8.703617976439189e-20	12.566369650647326	12.566369650647326
55.1	1.536998414260921e-19	12.566369650647326	12.566369650647326
55.2	2.287971965533491e-19	12.566369650647326	12.566369650647326
55.3	3.0522116005632156e-19	12.566369650647326	12.566369650647326
55.4	3.762055255713731e-19	12.566369650647326	12.566369650647326
55.5	4.358327327368161e-19	12.566369650647326	12.566369650647326
55.6	4.7944520658169415e-19	12.566369650647326	12.566369650647326
55.7	5.039338703460712e-19	12.566369650647326	12.566369650647326
55.8	5.078885842824386e-19	12.566369650647326	12.566369650647326
55.9	4.916069428103375e-19	12.566369650647326	12.566369650647326
56.0	4.569691301174218e-19	12.566369650647326	12.566369650647326
56.1	4.071965366409159e-19	12.566369650647326	12.566369650647326
56.2	3.4651987091605127e-19	12.566369650647326	12.566369650647326
56.3	2.7978805249306965e-19	12.566369650647326	12.566369650647326
56.4	2.1205195417057968e-19	12.566369650647326	12.566369650647326
56.5	1.4815702011297086e-19	12.566369650647326	12.566369650647326
56.6	9.23760882885034e-20	12.566369650647326	12.566369650647326
56.7	4.810875644781096e-20	12.566369650647326	12.566369650647326
56.8	1.766687385732052e-20	12.566369650647326	12.566369650647326
56.9	2.157847671675547e-21	12.566369650647326	12.566369650647326
57.0	1.4691073229822856e-21	12.566369650647326	12.566369650647326
57.1	1.4348952889402685e-20	12.566369650647326	12.566369650647326
57.2	3.857174729339457e-20	12.566369650647326	12.566369650647326
57.3	7.116951775633583e-20	12.566369650647326	12.566369650647326
57.4	1.0870789161620657e-19	12.566369650647326	12.566369650647326
57.5	1.4758212755265836e-19	12.566369650647326	12.566369650647326
57.6	1.8430886900754843e-19	12.566369650647326	12.566369650647326
57.7	2.1579103259613154e-19	12.566369650647326	12.566369650647326
57.8	2.3953669611559263e-19	12.566369650647326	12.566369650647326
57.9	2.538175976688461e-19	12.566369650647326	12.566369650647326
58.0	2.577584487462043e-19	12.566369650647326	12.566369650647326
58.1	2.5135420967289344e-19	12.566369650647326	12.566369650647326
58.2	2.35418287188238e-19	12.566369650647326	12.566369650647326
58.3	2.1146984290853887e-19	12.566369650647326	12.566369650647326
58.4	1.8157267312460617e-19	12.566369650647326	12.566369650647326
58.5	1.481411581977824e-19	12.566369650647326	12.566369650647326
58.6	1.1373042112981223e-19	12.566369650647326	12.566369650647326
58.7	8.08280366863263e-20	12.566369650647326	12.566369650647326
58.8	5.1663467160516586e-20	12.566369650647326	12.566369650647326
58.9	2.8049043281340096e-20	12.566369650647326	12.566369650647326
59.0	1.1263015904012162e-20	12.566369650647326	12.566369650647326
59.1	1.981289870050102e-21	12.566369650647326	12.566369650647326
59.2	2.602585251650675e-22	12.566369650647326	12.566369650647326
59.3	5.569028964182263e-21	12.566369650647326	12.566369650647326
59.4	1.6865581058755602e-20	12.566369650647326	12.566369650647326
59.5	3.2708305608410834e-20	12.566369650647326	12.566369650647326
59.6	5.139211981650251e-20	12.566369650647326	12.566369650647326
59.7	7.109708504054984e-20	12.566369650647326	12.566369650647326
59.8	9.003719305855644e-20	12.566369650647326	12.566369650647326
59.9	1.0659770282921839e-19	12.566369650647326	12.566369650647326
60.0	1.194509869586113e-19	12.566369650647326	12.566369650647326
60.1	1.27643112988918e-19	12.566369650647326	12.566369650647326
60.2	1.3064612322051596e-19	12.566369650647326	12.566369650647326
60.3	1.2837394799486892e-19	12.566369650647326	12.566369650647326
60.4	1.2116284684046163e-19	12.566369650647326	12.566369650647326
60.5	1.0971999001223814e-19	12.566369650647326	12.566369650647326
60.6	9.504607178384405e-20	12.566369650647326	12.566369650647326
60.7	7.833953366320735e-20	12.566369650647326	12.566369650647326
60.8	6.089097241318116e-20	12.566369650647326	12.566369650647326
60.9	4.3976575624783984e-20	12.566369650647326	12.566369650647326
61.0	2.8758987060301816e-20	12.566369650647326	12.566369650647326
61.1	1.6202929945776403e-20	12.566369650647326	12.566369650647326
61.2	7.011329385461041e-21	12.566369650647326	12.566369650647326
61.3	1.5857293312827164e-21	12.566369650647326	12.566369650647326
61.4	1.2668981071529697e-23	12.566369650647326	12.566369650647326
61.5	2.0755468126994292e-21	12.566369650647326	12.566369650647326
61.6	7.289526706499597e-21	12.566369650647326	12.566369650647326
61.7	1.4955376140245207e-20	12.566369650647326	12.566369650647326
61.8	2.422688456190398e-20	12.566369650647326	12.566369650647326
61.9	3.418576380749711e-20	12.566369650647326	12.566369650647326
62.0	4.391771112917308e-20	12.566369650647326	12.566369650647326
62.1	5.258360482026113e-20	12.566369650647326	12.566369650647326
62.2	5.948054862601134e-20	12.566369650647326	12.566369650647326
62.3	6.408859721049298e-20	12.566369650647326	12.566369650647326
62.4	6.610037008188134e-20	12.566369650647326	12.566369650647326
62.5	6.543227118807876e-20	12.566369650647326	12.566369650647326
62.6	6.221754876548675e-20	12.566369650647326	12.566369650647326
62.7	5.678283538431634e-20	12.566369650647326	12.566369650647326
62.8	4.9610998433662983e-20	12.566369650647326	12.566369650647326
62.9	4.1294027026054105e-20	12.566369650647326	12.566369650647326
63.0	3.248023117619955e-20	12.566369650647326	12.566369650647326
63.1	2.3820212124782058e-20	12.566369650647326	12.566369650647326
63.2	1.5915887708582424e-20	12.566369650647326	12.566369650647326
63.3	9.276359745722411e-21	12.566369650647326	12.566369650647326
63.4	4.283650063675142e-21	12.566369650647326	12.566369650647326
63.5	1.1703831262962734e-21	12.566369650647326	12.566369650647326
63.6	1.0440985463103531e-23	12.566369650647326	12.566369650647326
63.7	7.225478776191115e-22	12.566369650647326	12.566369650647326
63.8	3.0857404195307836e-21	12.566369650647326	12.566369650647326
63.9	6.764818057640978e-21	12.566369650647326	12.566369650647326
64.0	1.1343205161860554e-20	12.566369650647326	12.566369650647326
64.1	1.6360230388691243e-20	12.566369650647326	12.566369650647326
64.2	2.1349659739542095e-20	12.566369650647326	12.566369650647326
64.3	2.5876405509930325e-20	12.566369650647326	12.566369650647326
64.4	2.956865305856698e-20	12.566369650647326	12.566369650647326
64.5	3.2143163235285367e-20	12.566369650647326	12.566369650647326
64.6	3.342216956386336e-20	12.566369650647326	12.566369650647326
64.7	3.3341036541631174e-20	12.566369650647326	12.566369650647326
64.8	3.194661581197701e-20	12.566369650647326	12.566369650647326
64.9	2.938696908361912e-20	12.566369650647326	12.566369650647326
65.0	2.5893765273015738e-20	12.566369650647326	12.566369650647326
65.1	2.1759159378042418e-20	12.566369650647326	12.566369650647326
65.2	1.7309290234447708e-20	12.566369650647326	12.566369650647326
65.3	1.2876676864117718e-20	12.566369650647326	12.566369650647326
65.4	8.773747616292084e-21	12.566369650647326	12.566369650647326
65.5	5.2695167764552496e-21	12.566369650647326	12.566369650647326
65.6	2.5710569681949695e-21	12.566369650647326	12.566369650647326
65.7	8.109399820381908e-22	12.566369650647326	12.566369650647326
65.8	4.1277830045345184e-23	12.566369650647326	12.566369650647326
65.9	2.344368154167327e-22	12.566369650647326	12.566369650647326
66.0	1.2899659910051193e-21	12.566369650647326	12.566369650647326
66.1	3.0468184595462792e-21	12.566369650647326	12.566369650647326
66.2	5.299582502156123e-21	12.566369650647326	12.566369650647326
66.3	7.81720228045473e-21	12.566369650647326	12.566369650647326
66.4	1.0362566136412758e-20	12.566369650647326	12.566369650647326
66.5	1.2711373872699397e-20	12.566369650647326	12.566369650647326
66.6	1.46688514022038e-20	12.566369650647326	12.566369650647326
66.7	1.608314102259111e-20	12.566369650647326	12.566369650647326
66.8	1.6854530521713178e-20	12.566369650647326	12.566369650647326
66.9	1.694006242357752e-20	12.566369650647326	12.566369650647326
67.0	1.6353452900684743e-20	12.566369650647326	12.566369650647326
67.1	1.5160616974997872e-20	12.566369650647326	12.566369650647326
67.2	1.3471415693405377e-20	12.566369650647326	12.566369650647326
67.3	1.1428491249047665e-20	12.566369650647326	12.566369650647326
67.4	9.194223990153526e-21	12.566369650647326	12.566369650647326
67.5	6.93692479282121e-21	12.566369650647326	12.566369650647326
67.6	4.817368159813661e-21	12.566369650647326	12.566369650647326
67.7	2.9766823287199487e-21	12.566369650647326	12.566369650647326
67.8	1.5264539806835994e-21	12.566369650647326	12.566369650647326
67.9	5.416916467810288e-22	12.566369650647326	12.566369650647326
68.0	5.704086340631325e-23	12.566369650647326	12.566369650647326
68.1	6.637440260055724e-23	12.566369650647326	12.566369650647326
68.2	5.256122660820998e-22	12.566369650647326	12.566369650647326
68.3	1.3583784214351541e-21	12.566369650647326	12.566369650647326
68.4	2.4638932792789905e-21	12.566369650647326	12.566369650647326
68.5	3.726348970830462e-21	12.566369650647326	12.566369650647326
68.6	5.024930688902875e-21	12.566369650647326	12.566369650647326
68.7	6.2436379156445644e-21	12.566369650647326	12.566369650647326
68.8	7.280123354494074e-21	12.566369650647326	12.566369650647326
68.9	8.052896351910868e-21	12.566369650647326	12.566369650647326
69.0	8.506416262198406e-21	12.566369650647326	12.566369650647326
69.1	8.613809366300356e-21	12.566369650647326	12.566369650647326
69.2	8.377158228897279e-21	12.566369650647326	12.566369650647326
69.3	7.825513378366991e-21	12.566369650647326	12.566369650647326
69.4	7.010946397757571e-21	12.566369650647326	12.566369650647326
69.5	6.00308927387285e-21	12.566369650647326	12.566369650647326
69.6	4.882682140555428e-21	12.566369650647326	12.566369650647326
69.7	3.7346813857479005e-21	12.566369650647326	12.566369650647326
69.8	2.641467887563545e-21	12.566369650647326	12.566369650647326
69.9	1.6766485708084843e-21	12.566369650647326	12.566369650647326
70.0	8.99871422858699e-22	12.566369650647326	12.566369650647326
70.1	3.5298133623498233e-22	12.566369650647326	12.566369650647326
70.2	5.773690617474817e-23	12.566369650647326	12.566369650647326
70.3	1.5190912939025353e-23	12.566369650647326	12.566369650647326
70.4	2.0671418161084548e-22	12.566369650647326	12.566369650647326
70.5	5.965197719084579e-22	12.566369650647326	12.566369650647326
70.6	1.1354300354538207e-21	12.566369650647326	12.566369650647326
70.7	1.7655328697049664e-21	12.566369650647326	12.566369650647326
70.8	2.4253059798755904e-21	12.566369650647326	12.566369650647326
70.9	3.054758209299351e-21	12.566369650647326	12.566369650647326
71.0	3.6001504541487586e-21	12.566369650647326	12.566369650647326
71.1	4.0179153493773154e-21	12.566369650647326	12.566369650647326
71.2	4.277488608329459e-21	12.566369650647326	12.566369650647326
71.3	4.3628838084005455e-21	12.566369650647326	12.566369650647326
71.4	4.272971002726843e-21	12.566369650647326	12.566369650647326
71.5	4.020541338032655e-21	12.566369650647326	12.566369650647326
71.6	3.63034051204592e-21	12.566369650647326	12.566369650647326
71.7	3.1363236806103834e-21	12.566369650647326	12.566369650647326
71.8	2.5784196243219445e-21	12.566369650647326	12.566369650647326
71.9	1.999094900342874e-21	12.566369650647326	12.566369650647326
72.0	1.4399862305896999e-21	12.566369650647326	12.566369650647326
72.1	9.388306958081534e-22	12.566369650647326	12.566369650647326
72.2	5.268773318343346e-22	12.566369650647326	12.566369650647326
72.3	2.269170149176935e-22	12.566369650647326	12.566369650647326
72.4	5.2023187736317266e-23	12.566369650647326	12.566369650647326
72.5	5.053833509742681e-24	12.566369650647326	12.566369650647326
72.6	7.892291615173736e-23	12.566369650647326	12.566369650647326
72.7	2.5760484193279493e-22	12.566369650647326	12.566369650647326
72.8	5.17787584508515e-22	12.566369650647326	12.566369650647326
72.9	8.3104102413869e-22	12.566369650647326	12.566369650647326
73.0	1.1663218637020351e-21	12.566369650647326	12.566369650647326
73.1	1.4926023150433822e-21	12.566369650647326	12.566369650647326
73.2	1.7813939299699542e-21	12.566369650647326	12.566369650647326
73.3	2.0089458920943585e-21	12.566369650647326	12.566369650647326
73.4	2.1579304757978383e-21	12.566369650647326	12.566369650647326
73.5	2.218484255314313e-21	12.566369650647326	12.566369650647326
73.6	2.188544654911458e-21	12.566369650647326	12.566369650647326
73.7	2.0734972165164108e-21	12.566369650647326	12.566369650647326
73.8	1.8852183458795718e-21	12.566369650647326	12.566369650647326
73.9	1.6406516564022875e-21	12.566369650647326	12.566369650647326
74.0	1.3600872399874985e-21	12.566369650647326	12.566369650647326
74.1	1.065320675493954e-21	12.566369650647326	12.566369650647326
74.2	7.778551834219545e-22	12.566369650647326	12.566369650647326
74.3	5.172821553691012e-22	12.566369650647326	12.566369650647326
74.4	2.999398474296324e-22	12.566369650647326	12.566369650647326
74.5	1.3791428211691555e-22	12.566369650647326	12.566369650647326
74.6	3.8415179627712767e-23	12.566369650647326	12.566369650647326
74.7	3.5349820575919876e-24	12.566369650647326	12.566369650647326
74.8	3.038000231648002e-23	12.566369650647326	12.566369650647326
74.9	1.115469828492404e-22	12.566369650647326	12.566369650647326
75.0	2.3590315413261237e-22	12.566369650647326	12.566369650647326
75.1	3.8961155653514205e-22	12.566369650647326	12.566369650647326
75.2	5.573261535979807e-22	12.566369650647326	12.566369650647326
75.3	7.234653567741481e-22	12.566369650647326	12.566369650647326
75.4	8.734616086472296e-22	12.566369650647326	12.566369650647326
75.5	9.948824416811812e-22	12.566369650647326	12.566369650647326
75.6	1.0783276378590063e-21	12.566369650647326	12.566369650647326
75.7	1.1180283049151474e-21	12.566369650647326	12.566369650647326
75.8	1.1121048103008273e-21	12.566369650647326	12.566369650647326
75.9	1.0624772342737782e-21	12.566369650647326	12.566369650647326
76.0	9.744586338835225e-22	12.566369650647326	12.566369650647326
76.1	8.560922456798821e-22	12.566369650647326	12.566369650647326
76.2	7.1731439372553e-22	12.566369650647326	12.566369650647326
76.3	5.690331591520047e-22	12.566369650647326	12.566369650647326
76.4	4.222092363696579e-22	12.566369650647326	12.566369650647326
76.5	2.87012504198115e-22	12.566369650647326	12.566369650647326
76.6	1.7210966120718686e-22	12.566369650647326	12.566369650647326
76.7	8.411896975895026e-23	12.566369650647326	12.566369650647326
76.8	2.7250983909147536e-23	12.566369650647326	12.566369650647326
76.9	3.1407871503257244e-24	12.566369650647326	12.566369650647326
77.0	1.0867713878936378e-23	12.566369650647326	12.566369650647326
77.1	4.715145046419481e-23	12.566369650647326	12.566369650647326
77.2	1.0670695872714667e-22	12.566369650647326	12.566369650647326
77.3	1.827333278328262e-22	12.566369650647326	12.566369650647326
77.4	2.675029475389452e-22	12.566369650647326	12.566369650647326
77.5	3.5300810653407283e-22	12.566369650647326	12.566369650647326
77.6	4.316141507418071e-22	12.566369650647326	12.566369650647326
77.7	4.966640883122209e-22	12.566369650647326	12.566369650647326
77.8	5.4298111203271575e-22	12.566369650647326	12.566369650647326
77.9	5.672240075025551e-22	12.566369650647326	12.566369650647326
78.0	5.68065418501904e-22	12.566369650647326	12.566369650647326
78.1	5.461825144377825e-22	12.566369650647326	12.566369650647326
78.2	5.040706832542986e-22	12.566369650647326	12.566369650647326
78.3	4.457099761543674e-22	12.566369650647326	12.566369650647326
78.4	3.7612808871962963e-22	12.566369650647326	12.566369650647326
78.5	3.009107241806476e-22	12.566369650647326	12.566369650647326
78.6	2.257098067119923e-22	12.566369650647326	12.566369650647326
78.7	1.5579325221033857e-22	12.566369650647326	12.566369650647326
78.8	9.566902499921305e-23	12.566369650647326	12.566369650647326
78.9	4.8803645170752745e-23	12.566369650647326	12.566369650647326
79.0	1.7443576420507413e-23	12.566369650647326	12.566369650647326
79.1	2.5386630702303823e-24	12.566369650647326	12.566369650647326
79.2	3.760604814718684e-24	12.566369650647326	12.566369650647326
79.3	1.9605985307102426e-23	12.566369650647326	12.566369650647326
79.4	4.7571582647664733e-23	12.566369650647326	12.566369650647326
79.5	8.438838992122717e-23	12.566369650647326	12.566369650647326
79.6	1.2629905898809093e-22	12.566369650647326	12.566369650647326
79.7	1.6936105471710734e-22	12.566369650647326	12.566369650647326
79.8	2.0975505907490915e-22	12.566369650647326	12.566369650647326
79.9	2.440760056298287e-22	12.566369650647326	12.566369650647326
80.0	2.6958364782923655e-22	12.566369650647326	12.566369650647326
80.1	2.843916452140142e-22	12.566369650647326	12.566369650647326
80.2	2.8757912093828213e-22	12.566369650647326	12.566369650647326
80.3	2.79216126090956e-22	12.566369650647326	12.566369650647326
80.4	2.603034144934848e-22	12.566369650647326	12.566369650647326
80.5	2.326359540693861e-22	12.566369650647326	12.566369650647326
80.6	1.9860719968913788e-22	12.566369650647326	12.566369650647326
80.7	1.6097616559464854e-22	12.566369650647326	12.566369650647326
80.8	1.2262117745849432e-22	12.566369650647326	12.566369650647326
80.9	8.630293692190249e-23	12.566369650647326	12.566369650647326
81.0	5.445585433607456e-23	12.566369650647326	12.566369650647326
81.1	2.902150381790626e-23	12.566369650647326	12.566369650647326
81.2	1.1332587860152981e-23	12.566369650647326	12.566369650647326
81.3	2.0508153278830592e-24	12.566369650647326	12.566369650647326
81.4	1.1580705164270563e-24	12.566369650647326	12.566369650647326
81.5	7.997251662962232e-24	12.566369650647326	12.566369650647326
81.6	2.1356947656216715e-23	12.566369650647326	12.566369650647326
81.7	3.9592336001165076e-23	12.566369650647326	12.566369650647326
81.8	6.077302336017067e-23	12.566369650647326	12.566369650647326
81.9	8.284692274990008e-23	12.566369650647326	12.566369650647326
82.0	1.0380784099266211e-22	12.566369650647326	12.566369650647326
82.1	1.2185361548284064e-22	12.566369650647326	12.566369650647326
82.2	1.3552183802007853e-22	12.566369650647326	12.566369650647326
82.3	1.4379177677483956e-22	12.566369650647326	12.566369650647326
82.4	1.4614414048813731e-22	12.566369650647326	12.566369650647326
82.5	1.4257457411574964e-22	12.566369650647326	12.566369650647326
82.6	1.335616756509502e-22	12.566369650647326	12.566369650647326
82.7	1.1999513159976426e-22	12.566369650647326	12.566369650647326
82.8	1.0307351966562548e-22	12.566369650647326	12.566369650647326
82.9	8.418382396367535e-23	12.566369650647326	12.566369650647326
83.0	6.47754543362048e-23	12.566369650647326	12.566369650647326
83.1	4.624061527812644e-23	12.566369650647326	12.566369650647326
83.2	2.9810604689215854e-23	12.566369650647326	12.566369650647326
83.3	1.6474611016130172e-23	12.566369650647326	12.566369650647326
83.4	6.924438386810477e-24	12.566369650647326	12.566369650647326
83.5	1.5258400550575987e-24	12.566369650647326	12.566369650647326
83.6	3.1509157868848153e-25	12.566369650647326	12.566369650647326
83.7	3.018154400266665e-24	12.566369650647326	12.566369650647326
83.8	9.089125875299221e-24	12.566369650647326	12.566369650647326
83.9	1.77643784634249e-23	12.566369650647326	12.566369650647326
84.0	2.812858179912645e-23	12.566369650647326	12.566369650647326
84.1	3.918848731241968e-23	12.566369650647326	12.566369650647326
84.2	4.9949894482016564e-23	12.566369650647326	12.566369650647326
84.3	5.949272230220875e-23	12.566369650647326	12.566369650647326
84.4	6.703879615613989e-23	12.566369650647326	12.566369650647326
84.5	7.200706950354069e-23	12.566369650647326	12.566369650647326
84.6	7.405170698742818e-23	12.566369650647326	12.566369650647326
84.7	7.307980433357456e-23	12.566369650647326	12.566369650647326
84.8	6.92473976319126e-23	12.566369650647326	12.566369650647326
84.9	6.293457206294951e-23	12.566369650647326	12.566369650647326
85.0	5.470259391468432e-23	12.566369650647326	12.566369650647326
85.1	4.523773729449718e-23	12.566369650647326	12.566369650647326
85.2	3.528760921233143e-23	12.566369650647326	12.566369650647326
85.3	2.5596166800732758e-23	12.566369650647326	12.566369650647326
85.4	1.6843278682729277e-23	12.566369650647326	12.566369650647326
85.5	9.593738180767601e-24	12.566369650647326	12.566369650647326
85.6	4.259294887006579e-24	12.566369650647326	12.566369650647326
85.7	1.0757618637271876e-24	12.566369650647326	12.566369650647326
85.8	9.578107119261713e-26	12.566369650647326	12.566369650647326
85.9	1.1965329671186975e-24	12.566369650647326	12.566369650647326
86.0	4.100630640962815e-24	12.566369650647326	12.566369650647326
86.1	8.407657519528264e-24	12.566369650647326	12.566369650647326
86.2	1.363326892905125e-23	12.566369650647326	12.566369650647326
86.3	1.925245360559172e-23	12.566369650647326	12.566369650647326
86.4	2.4743428614958913e-23	12.566369650647326	12.566369650647326
86.5	2.9628728629252714e-23	12.566369650647326	12.566369650647326
86.6	3.351036891908703e-23	12.566369650647326	12.566369650647326
86.7	3.609652411024982e-23	12.566369650647326	12.566369650647326
86.8	3.7217956374992404e-23	12.566369650647326	12.566369650647326
86.9	3.6833390120377123e-23	12.566369650647326	12.566369650647326
87.0	3.502406724971865e-23	12.566369650647326	12.566369650647326
87.1	3.19787036034644e-23	12.566369650647326	12.566369650647326
87.2	2.7970878024070846e-23	12.566369650647326	12.566369650647326
87.3	2.33314211552036e-23	12.566369650647326	12.566369650647326
87.4	1.8418578907304422e-23	12.566369650647326	12.566369650647326
87.5	1.35886095959996e-23	12.566369650647326	12.566369650647326
87.6	9.169091437394537e-24	12.566369650647326	12.566369650647326
87.7	5.436663513821998e-24	12.566369650647326	12.566369650647326
87.8	2.6003082390051623e-24	12.566369650647326	12.566369650647326
87.9	7.907058328944312e-25	12.566369650647326	12.566369650647326
88.0	5.571903332533636e-26	12.566369650647326	12.566369650647326
88.1	3.6172438492925e-25	12.566369650647326	12.566369650647326
88.2	1.6002789440101333e-24	12.566369650647326	12.566369650647326
88.3	3.599454114780976e-24	12.566369650647326	12.566369650647326
88.4	6.1390301170738944e-24	12.566369650647326	12.566369650647326
88.5	8.968587564814846e-24	12.566369650647326	12.566369650647326
88.6	1.1827347873733727e-23	12.566369650647326	12.566369650647326
88.7	1.446442562188163e-23	12.566369650647326	12.566369650647326
88.8	1.665801273011744e-23	12.566369650647326	12.566369650647326
88.9	1.8231974716744923e-23	12.566369650647326	12.566369650647326
89.0	1.9068451639808086e-23	12.566369650647326	12.566369650647326
89.1	1.9115342959080408e-23	12.566369650647326	12.566369650647326
89.2	1.8388003871481042e-23	12.566369650647326	12.566369650647326
89.3	1.6965043515220683e-23	12.566369650647326	12.566369650647326
89.4	1.4978719458088954e-23	12.566369650647326	12.566369650647326
89.5	1.2600982721127644e-23	12.566369650647326	12.566369650647326
89.6	1.002666237658679e-23	12.566369650647326	12.566369650647326
89.7	7.455527535665827e-24	12.566369650647326	12.566369650647326
89.8	5.0749973934692716e-24	12.566369650647326	12.566369650647326
89.9	3.0450927017541908e-24	12.566369650647326	12.566369650647326
90.0	1.4868731792446945e-24	12.566369650647326	12.566369650647326
90.1	4.751467534081029e-25	12.566369650647326	12.566369650647326
90.2	3.573949764677879e-26	12.566369650647326	12.566369650647326
90.3	1.4714644174508745e-25	12.566369650647326	12.566369650647326
90.4	7.459943900571067e-25	12.566369650647326	12.566369650647326
90.5	1.7354689432841578e-24	12.566369650647326	12.566369650647326
90.6	2.9956990168034752e-24	12.566369650647326	12.566369650647326
90.7	4.395047031161383e-24	12.566369650647326	12.566369650647326
90.8	5.8013050502195985e-24	12.566369650647326	12.566369650647326
90.9	7.091924806991337e-24	12.566369650647326	12.566369650647326
91.0	8.16258963062116e-24	12.566369650647326	12.566369650647326
91.1	8.93364614293439e-24	12.566369650647326	12.566369650647326
91.2	9.354132317324872e-24	12.566369650647326	12.566369650647326
91.3	9.403347826364988e-24	12.566369650647326	12.566369650647326
91.4	9.090097796330408e-24	12.566369650647326	12.566369650647326
91.5	8.44989150355316e-24	12.566369650647326	12.566369650647326
91.6	7.540486856296226e-24	12.566369650647326	12.566369650647326
91.7	6.4362375019550574e-24	12.566369650647326	12.566369650647326
91.8	5.221723723538273e-24	12.566369650647326	12.566369650647326
91.9	3.985136187944565e-24	12.566369650647326	12.566369650647326
92.0	2.811841548002869e-24	12.566369650647326	12.566369650647326
92.1	1.778501563685082e-24	12.566369650647326	12.566369650647326
92.2	9.480537224364397e-25	12.566369650647326	12.566369650647326
92.3	3.657997384552926e-25	12.566369650647326	12.566369650647326
92.4	5.679216929418992e-26	12.566369650647326	12.566369650647326
92.5	2.4655906234289813e-26	12.566369650647326	12.566369650647326
92.6	2.5192275637045855e-25	12.566369650647326	12.566369650647326
92.7	7.01884649696726e-25	12.566369650647326	12.566369650647326
92.8	1.3218783320672196e-24	12.566369650647326	12.566369650647326
92.9	2.047803036537389e-24	12.566369650647326	12.566369650647326
93.0	2.809552575587969e-24	12.566369650647326	12.566369650647326
93.1	3.5369319533789655e-24	12.566369650647326	12.566369650647326
93.2	4.165546925666142e-24	12.566369650647326	12.566369650647326
93.3	4.642122481376949e-24	12.566369650647326	12.566369650647326
93.4	4.928736326115245e-24	12.566369650647326	12.566369650647326
93.5	5.0055497812397004e-24	12.566369650647326	12.566369650647326
93.6	4.871773486478675e-24	12.566369650647326	12.566369650647326
93.7	4.5448005595735436e-24	12.566369650647326	12.566369650647326
93.8	4.057648811546301e-24	12.566369650647326	12.566369650647326
93.9	3.4550456281635245e-24	12.566369650647326	12.566369650647326
94.0	2.788635088034494e-24	12.566369650647326	12.566369650647326
94.1	2.1118649186859557e-24	12.566369650647326	12.566369650647326
94.2	1.4751109887104888e-24	12.566369650647326	12.566369650647326
94.3	9.215232001985012e-25	12.566369650647326	12.566369650647326
94.4	4.8394572057555345e-25	12.566369650647326	12.566369650647326
94.5	1.8310192007487127e-25	12.566369650647326	12.566369650647326
94.6	2.7068223943615025e-26	12.566369650647326	12.566369650647326
94.7	1.1916131782114625e-26	12.566369650647326	12.566369650647326
94.8	1.2329520492759995e-25	12.566369650647326	12.566369650647326
94.9	3.3866994876853533e-25	12.566369650647326	12.566369650647326
95.0	6.299095608481608e-25	12.566369650647326	12.566369650647326
95.1	9.659540561216598e-25	12.566369650647326	12.566369650647326
95.2	1.3153316874917453e-24	12.566369650647326	12.566369650647326
95.3	1.6483675600571004e-24	12.566369650647326	12.566369650647326
95.4	1.938989205298182e-24	12.566369650647326	12.566369650647326
95.5	2.166091432481037e-24	12.566369650647326	12.566369650647326
95.6	2.3144636481749705e-24	12.566369650647326	12.566369650647326
95.7	2.3753061342591364e-24	12.566369650647326	12.566369650647326
95.8	2.3463697537285563e-24	12.566369650647326	12.566369650647326
95.9	2.231751395163839e-24	12.566369650647326	12.566369650647326
96.0	2.0413714893802882e-24	12.566369650647326	12.566369650647326
96.1	1.7901558312560557e-24	12.566369650647326	12.566369650647326
96.2	1.4969456312249092e-24	12.566369650647326	12.566369650647326
96.3	1.1831689973687442e-24	12.566369650647326	12.566369650647326
96.4	8.713238312634065e-25	12.566369650647326	12.566369650647326
96.5	5.8334479210882415e-25	12.566369650647326	12.566369650647326
96.6	3.3895246242119768e-25	12.566369650647326	12.566369650647326
96.7	1.5410648367816056e-25	12.566369650647326	12.566369650647326
96.8	3.97001677829282e-26	12.566369650647326	12.566369650647326
96.9	6.353792818896504e-28	12.566369650647326	12.566369650647326
97.0	3.5397970197134584e-26	12.566369650647326	12.566369650647326
97.1	1.3621356669639364e-25	12.566369650647326	12.566369650647326
97.2	2.8980356706272266e-25	12.566369650647326	12.566369650647326
97.3	4.786892984875418e-25	12.566369650647326	12.566369650647326
97.4	6.829196937549139e-25	12.566369650647326	12.566369650647326
97.5	8.82037371792522e-25	12.566369650647326	12.566369650647326
97.6	1.057061075681998e-24	12.566369650647326	12.566369650647326
97.7	1.1922565882506961e-24	12.566369650647326	12.566369650647326
97.8	1.27649555282396e-24	12.566369650647326	12.566369650647326
97.9	1.3040582095409447e-24	12.566369650647326	12.566369650647326
98.0	1.2748129108339123e-24	12.566369650647326	12.566369650647326
98.1	1.1937899103984157e-24	12.566369650647326	12.566369650647326
98.2	1.0702455559498458e-24	12.566369650647326	12.566369650647326
98.3	9.163730665884367e-25	12.566369650647326	12.566369650647326
98.4	7.458485006246101e-25	12.566369650647326	12.566369650647326
98.5	5.724016567927357e-25	12.566369650647326	12.566369650647326
98.6	4.085739494651126e-25	12.566369650647326	12.566369650647326
98.7	2.647765953957271e-25	12.566369650647326	12.566369650647326
98.8	1.487038863822617e-25	12.566369650647326	12.566369650647326
98.9	6.509951513551761e-26	12.566369650647326	12.566369650647326
99.0	1.5828318167944583e-26	12.566369650647326	12.566369650647326
99.1	1.7699803276218397e-28	12.566369650647326	12.566369650647326
99.2	1.5296737759778806e-26	12.566369650647326	12.566369650647326
99.3	5.670591379989201e-26	12.566369650647326	12.566369650647326
99.4	1.1878787875738359e-25	12.566369650647326	12.566369650647326
99.5	1.9524165754661464e-25	12.566369650647326	12.566369650647326
99.6	2.794672248142815e-25	12.566369650647326	12.566369650647326
99.7	3.6488752905225785e-25	12.566369650647326	12.566369650647326
99.8	4.452235165084349e-25	12.566369650647326	12.566369650647326
99.9	5.147443227005222e-25	12.566369650647326	12.566369650647326
100.0	5.685121862397668e-25	12.566369650647326	12.566369650647326
