# dt=0.1 eps=0.001 size_x=64 size_v=1024
# x : from 0.0 to 12.566370614359172
# v : from -6.0 to 6.0
# interpolation : Lagrange{BigFloat, true} order=41
# type=BigFloat precision = 256
#time	el-energy	kinetic-energy	global-energy
0.0	2.51327411294938e-5	12.566369672985495	12.566394805726624
0.1	2.4819758694287493e-5	12.56636998694845	12.566394806707144
0.2	2.3897928231751877e-5	12.56637091165904	12.566394809587273
0.3	2.2417479380775218e-5	12.56637239670767	12.566394814187051
0.4	2.0458472235634833e-5	12.566374361748377	12.566394820220612
0.5	1.8125588427887023e-5	12.566376701727721	12.566394827316149
0.6	1.5541367175194145e-5	12.566379293674595	12.56639483504177
0.7	1.2838366322448778e-5	12.566382004568952	12.566394842935274
0.8	1.0150800614264798e-5	12.566384699735032	12.566394850535646
0.9	7.606240187771977e-6	12.566387251173799	12.566394857413986
1.0	5.317939635878033e-6	12.566389545261964	12.5663948632016
1.1	3.378313434728518e-6	12.566391489299841	12.566394867613276
1.2	1.853981768000029e-6	12.566393016482365	12.566394870464134
1.3	7.826893544058129e-7	12.566394088989613	12.566394871678968
1.4	1.7225851978664748e-7	12.566394699035044	12.566394871293564
1.5	1.5875572082306952e-9	12.566394867860556	12.566394869448112
1.6	2.23557966798594e-7	12.566394642815437	12.566394866373404
1.7	7.695805864048629e-7	12.566394092790452	12.566394862371038
1.8	1.5554007122011057e-6	12.566393302388564	12.566394857789275
1.9	2.4877037891159635e-6	12.566392365292685	12.566394852996474
2.0	3.471021212857917e-6	12.56639137733291	12.566394848354122
2.1	4.4144323462759395e-6	12.566390429759137	12.566394844191484
2.2	5.23759307345513e-6	12.566389603190622	12.566394840783696
2.3	5.8756892610539325e-6	12.566388962645505	12.566394838334766
2.4	6.283009029638299e-6	12.566388553957534	12.566394836966564
2.5	6.4349424963331745e-6	12.566388401771878	12.566394836714375
2.6	6.328342165346113e-6	12.566388509186867	12.566394837529032
2.7	5.980301529151677e-6	12.566388858983697	12.566394839285225
2.8	5.425524193549884e-6	12.566389416270841	12.566394841795034
2.9	4.712552563307292e-6	12.566390132272874	12.566394844825437
3.0	3.899197166129552e-6	12.566390948921132	12.566394848118298
3.1	3.0475505883505464e-6	12.566391803860594	12.566394851411182
3.2	2.2189817388838385e-6	12.566392635475642	12.566394854457382
3.3	1.469487253528957e-6	12.566393387556424	12.566394857043678
3.4	8.457301693042254e-7	12.566394013274422	12.56639485900459
3.5	3.8202644271590594e-7	12.566394478205785	12.566394860232228
3.6	9.845391854494103e-8	12.566394762227263	12.566394860681182
3.7	1.6341509559749754e-10	12.566394860204978	12.566394860368394
3.8	7.787546069189202e-8	12.566394781492777	12.566394859368238
3.9	3.0945639192886867e-7	12.566394548347091	12.566394857803482
4.0	6.623906415628005e-7	12.566394193442388	12.56639485583303
4.1	1.0969073944510196e-6	12.566393756730177	12.566394853637572
4.2	1.5694829716666356e-6	12.566393281921405	12.566394851404377
4.3	2.03642702233393e-6	12.566392812885418	12.56639484931244
4.4	2.457270637105392e-6	12.566392390248476	12.566394847519113
4.5	2.7977058118964467e-6	12.566392048443378	12.566394846149189
4.6	3.0318746940733565e-6	12.566391813412428	12.566394845287123
4.7	3.1438689526770158e-6	12.566391701103887	12.566394844972839
4.8	3.1283688949763e-6	12.566391716832355	12.56639484520125
4.9	2.9904227939466294e-6	12.566391855502472	12.566394845925267
5.0	2.7444336823735427e-6	12.566392102628258	12.566394847061941
5.1	2.4124786241898605e-6	12.566392436022394	12.566394848501018
5.2	2.022130192675198e-6	12.566392827984929	12.566394850115122
5.3	1.6039788137277213e-6	12.566393247791874	12.566394851770687
5.4	1.1890664081482057e-6	12.566393664272319	12.566394853338727
5.5	8.064364483209186e-7	12.56639404826818	12.566394854704628
5.6	4.809845264588697e-7	12.566394374791706	12.566394855776233
5.7	2.3175935890419582e-7	12.56639462473036	12.566394856489719
5.8	7.082025399836833e-8	12.566394785992655	12.56639485681291
5.9	2.707444728981964e-9	12.566394854038471	12.566394856745916
6.0	2.453054525273729e-8	12.566394831788687	12.566394856319231
6.1	1.266318211063186e-7	12.566394728957743	12.566394855589564
6.2	2.937386163832954e-7	12.56639456089524	12.566394854633856
6.3	5.06486107586998e-7	12.566394347055981	12.56639485354209
6.4	7.431696129389958e-7	12.566394109239868	12.56639485240948
6.5	9.81576037096692e-7	12.566393869752709	12.566394851328745
6.6	1.2007467091235024e-6	12.56639364963629	12.566394850382999
6.7	1.3825379432269565e-6	12.566393467101884	12.566394849639828
6.8	1.5128693466798525e-6	12.566393336277594	12.56639484914694
6.9	1.5825807973334195e-6	12.566393266348813	12.56639484892961
7.0	1.587854272443633e-6	12.566393261135756	12.56639484899003
7.1	1.5301933153123235e-6	12.566393319115194	12.56639484930851
7.2	1.4159879331609844e-6	12.566393433858384	12.566394849846317
7.3	1.2557234842107686e-6	12.566393594826348	12.566394850549832
7.4	1.0629164779670084e-6	12.566393788439141	12.56639485135562
7.5	8.528766523447621e-7	12.566393999319322	12.566394852195975
7.6	6.414023874329439e-7	12.56639421160208	12.566394853004468
7.7	4.435153839280654e-7	12.566394410205682	12.566394853721066
7.8	2.723311859520476e-7	12.566394581965254	12.566394854296439
7.9	1.3814578118638902e-7	12.566394716549413	12.566394854695194
8.0	4.779685946397145e-8	12.566394807100943	12.566394854897803
8.1	4.333362240000859e-9	12.56639485056784	12.566394854901201
8.2	7.000856594145059e-9	12.566394847717183	12.56639485471804
8.3	5.152512803878341e-8	12.566394802849642	12.566394854374769
8.4	1.306541156005137e-7	12.566394723254643	12.566394853908758
8.5	2.3490048184277702e-7	12.566394618464232	12.566394853364713
8.6	3.5341485053809616e-7	12.566394499375908	12.56639485279076
8.7	4.749136835254184e-7	12.566394377320787	12.56639485223447
8.8	5.885860117331292e-7	12.566394263153173	12.566394851739185
8.9	6.849093898871348e-7	12.566394166431479	12.566394851340869
9.0	7.563166776414779e-7	12.56639409474907	12.566394851065747
9.1	7.976703816589863e-7	12.566394053258447	12.566394850928829
9.2	8.065189086969226e-7	12.566394044414492	12.566394850933401
9.3	7.83127654057568e-7	12.56639406794382	12.566394851071474
9.4	7.302958735612277e-7	12.566394121029196	12.56639485132507
9.5	6.529863839690327e-7	12.566394198681845	12.566394851668228
9.6	5.578081625107677e-7	12.566394294261343	12.566394852069505
9.7	4.5240103497663565e-7	12.566394400093731	12.566394852494767
9.8	3.4477637299502386e-7	12.56639450813363	12.566394852910003
9.9	2.4266795555569304e-7	12.566394610616042	12.566394853283997
10.0	1.529431365239177e-7	12.566394700647454	12.566394853590591
10.1	8.111676510125405e-8	12.566394772693661	12.566394853810426
10.2	3.099975035619245e-8	12.566394822932313	12.566394853932064
10.3	4.501739406811394e-9	12.566394849450665	12.566394853952405
10.4	1.59417360443714e-9	12.566394852282256	12.56639485387643
10.5	2.0427077094379263e-8	12.566394833289264	12.566394853716341
10.6	5.758130913458736e-8	12.566394795908863	12.566394853490172
10.7	1.084285076744816e-7	12.566394744791529	12.566394853220036
10.8	1.675641839288954e-7	12.56639468536597	12.566394852930154
10.9	2.2927576243500492e-7	12.56639462336907	12.566394852644834
11.0	2.8800690043316627e-7	12.566394564379666	12.566394852386566
11.1	3.387820098546855e-7	12.566394513392373	12.566394852174383
11.2	3.775601609658612e-7	12.5663944744624	12.566394852022562
11.3	4.014948994226667e-7	12.566394450444902	12.566394851939801
11.4	4.090852586768641e-7	12.566394442843617	12.566394851928875
11.5	4.0021263022639663e-7	12.56639445177413	12.566394851986761
11.6	3.760673943370214e-7	12.56639447603783	12.566394852105224
11.7	3.3897759959884987e-7	12.56639451329418	12.56639485227178
11.8	2.9215890628087696e-7	12.566394560311995	12.566394852470902
11.9	2.394100211865301e-7	12.56639461327542	12.566394852685441
12.0	1.8478067251588935e-7	12.566394668117379	12.566394852898052
12.1	1.3223971190718426e-7	12.566394720852841	12.566394853092554
12.2	8.536928092351257e-8	12.566394767885855	12.566394853255137
12.3	4.710739985426823e-8	12.566394806267898	12.566394853375298
12.4	1.9556222327155386e-8	12.566394833890243	12.566394853446464
12.5	3.867040926999265e-9	12.56639484959924	12.566394853466281
12.6	2.0647025664167425e-10	12.566394853230058	12.566394853436528
12.7	7.801624932543925e-9	12.56639484556113	12.566394853362754
12.8	2.5056064556431716e-8	12.566394828197543	12.566394853253607
12.9	4.972323483258854e-8	12.566394803396745	12.56639485311998
13.0	7.912042832082446e-8	12.566394773853593	12.566394852974021
13.1	1.1036413001779797e-7	12.566394742463986	12.566394852828116
13.2	1.4060707877692993e-7	12.566394712086826	12.566394852693904
13.3	1.6725841071976363e-7	12.566394685322996	12.566394852581407
13.4	1.8817068104824544e-7	12.566394664327667	12.566394852498348
13.5	2.017811131233632e-7	12.566394650668572	12.566394852449685
13.6	2.071987539146797e-7	12.56639464523863	12.566394852437384
13.7	2.0423393820441334e-7	12.566394648226508	12.566394852460446
13.8	1.9337118765277453e-7	12.566394659143974	12.566394852515161
13.9	1.7569102570663966e-7	12.566394676904537	12.566394852595563
14.0	1.5274985685752347e-7	12.56639469994416	12.566394852694017
14.1	1.264297930904155e-7	12.566394726372142	12.566394852801935
14.2	9.87719532404318e-8	12.566394754138539	12.566394852910491
14.3	7.180724884911402e-8	12.56639478120408	12.566394853011328
14.4	4.7398033513126835e-8	12.56639480569915	12.566394853097185
14.5	2.710234825960992e-8	12.56639482606005	12.566394853162398
14.6	1.2070031632790526e-8	12.566394841133215	12.566394853203247
14.7	2.9769212526536683e-9	12.566394850241217	12.566394853218139
14.8	2.5767846076043907e-14	12.566394853207568	12.566394853207594
14.9	2.8331722643054467e-9	12.566394850340917	12.566394853174089
15.0	1.0739499595009604e-8	12.566394842382243	12.566394853121743
15.1	2.263450357584029e-8	12.566394830421393	12.566394853055897
15.2	3.719132589037182e-8	12.566394815791304	12.56639485298263
15.3	5.2958733639401894e-8	12.5663947999495	12.566394852908234
15.4	6.848181234613403e-8	12.566394784356897	12.566394852838709
15.5	8.241577624403894e-8	12.56639477036354	12.566394852779316
15.6	9.362440818212025e-8	12.566394759109805	12.566394852734213
15.7	1.0125634758014247e-7	12.566394751449833	12.56639485270618
15.8	1.0479457966169834e-7	12.56639474790192	12.5663948526965
15.9	1.0407685032224992e-7	12.566394748628094	12.566394852704944
16.0	9.928713905028834e-8	12.566394753442731	12.56639485272987
16.1	9.092057687729223e-8	12.566394761847873	12.56639485276845
16.2	7.972613027109275e-8	12.566394773090817	12.566394852816947
16.3	6.663285308958331e-8	12.566394786238218	12.566394852871072
16.4	5.266644830381877e-8	12.5663948002599	12.566394852926349
16.5	3.8863237928833217e-8	12.566394814115233	12.56639485297847
16.6	2.618842022940584e-8	12.566394826835214	12.566394853023635
16.7	1.546474919130149e-8	12.566394837594055	12.566394853058805
16.8	7.316591822778167e-9	12.566394845765311	12.566394853081903
16.9	2.132822153193241e-9	12.566394850959094	12.566394853091916
17.0	5.033268502402038e-11	12.566394853038581	12.566394853088914
17.1	9.58226497659809e-10	12.566394852115748	12.566394853073975
17.2	4.521132805833661e-9	12.56639484852791	12.566394853049044
17.3	1.0218686436408081e-8	12.566394842798047	12.566394853016734
17.4	1.739712406577479e-8	12.566394835582946	12.56639485298007
17.5	2.5328243469333953e-8	12.566394827614001	12.566394852942244
17.6	3.3270679059026656e-8	12.566394819635661	12.56639485290634
17.7	4.0528565938742087e-8	12.566394812346545	12.56639485287511
17.8	4.6503161803093396e-8	12.566394806347615	12.566394852850777
17.9	5.073380990315683e-8	12.566394802101074	12.566394852834884
18.0	5.2925674545113455e-8	12.566394799902554	12.566394852828228
18.1	5.2962867298963955e-8	12.566394799867966	12.566394852830834
18.2	5.090680627471115e-8	12.566394801935191	12.566394852841997
18.3	4.6980814548397025e-8	12.566394805879568	12.566394852860382
18.4	4.15429797137965e-8	12.566394811341196	12.566394852884175
18.5	3.5050093972281306e-8	12.566394817861145	12.56639485291124
18.6	2.8016023804436595e-8	12.566394824923282	12.566394852939306
18.7	2.0968094612363094e-8	12.566394831998075	12.56639485296617
18.8	1.4405017742615159e-8	12.566394838584824	12.566394852989841
18.9	8.759557027172964e-9	12.566394844249146	12.566394853008703
19.0	4.3685714200055095e-9	12.566394848653033	12.566394853021604
19.1	1.452336970066964e-9	12.566394851575593	12.56639485302793
19.2	1.042128550916827e-10	12.566394852923402	12.566394853027615
19.3	2.908443043488256e-10	12.566394852730268	12.566394853021112
19.4	1.8622601031151717e-9	12.566394851147074	12.566394853009333
19.5	4.570487093926491e-9	12.566394848423062	12.566394852993549
19.6	8.09472020954977e-9	12.566394844880543	12.566394852975263
19.7	1.2070690731265525e-8	12.566394840885396	12.566394852956087
19.8	1.6121687427550385e-8	12.566394836815913	12.5663948529376
19.9	1.988870733802907e-8	12.566394833032533	12.56639485292124
20.0	2.3057431004557045e-8	12.566394829850756	12.566394852908187
20.1	2.538010222439836e-8	12.566394827519192	12.566394852899293
20.2	2.669090485142902e-8	12.56639482620413	12.566394852895035
20.3	2.6914021181708273e-8	12.566394825981474	12.566394852895495
20.4	2.606417702267935e-8	12.566394826836206	12.566394852900382
20.5	2.4240077453791068e-8	12.566394828669	12.566394852909077
20.6	2.1611669010701718e-8	12.566394831309031	12.5663948529207
20.7	1.8402590993842826e-8	12.566394834531598	12.56639485293419
20.8	1.4869473665533742e-8	12.56639483807893	12.566394852948404
20.9	1.12798890335798e-8	12.56639484168232	12.566394852962208
21.0	7.890757905201183e-9	12.566394845083817	12.566394852974575
21.1	4.928874004287475e-9	12.566394848055763	12.566394852984637
21.2	2.574941721854708e-9	12.56639485041683	12.56639485299177
21.3	9.521663817538446e-10	12.566394852043443	12.566394852995609
21.4	1.2001826852628255e-10	12.56639485287605	12.566394852996067
21.5	7.33502930111719e-11	12.56639485291998	12.566394852993332
21.6	7.466199779604141e-10	12.5663948522412	12.56639485298782
21.7	2.022582257572993e-9	12.566394850957563	12.566394852980146
21.8	3.744507758836818e-9	12.56639484922655	12.566394852971056
21.9	5.730761842957026e-9	12.566394847230601	12.566394852961363
22.0	7.790464386542314e-9	12.566394845161408	12.566394852951873
22.1	9.738941899185517e-9	12.56639484320439	12.566394852943333
22.2	1.141177640536192e-8	12.56639484152459	12.566394852936366
22.3	1.2676436289737194e-8	12.566394840255006	12.566394852931442
22.4	1.3440723656414145e-8	12.566394839488114	12.566394852928838
22.5	1.365756711481029e-8	12.56639483927106	12.566394852928628
22.6	1.332600259109911e-8	12.566394839604701	12.566394852930705
22.7	1.2488492104576701e-8	12.566394840446288	12.56639485293478
22.8	1.1225007795441052e-8	12.566394841715422	12.56639485294043
22.9	9.644535947462817e-9	12.566394843302595	12.56639485294713
23.0	7.874818501997111e-9	12.56639484507949	12.566394852954309
23.1	6.051238733509983e-9	12.566394846910145	12.566394852961384
23.2	4.305770755320077e-9	12.56639484866205	12.56639485296782
23.3	2.7568528604379685e-9	12.566394850216314	12.566394852973167
23.4	1.5009213600484483e-9	12.566394851476154	12.566394852977076
23.5	6.06167988588941e-10	12.566394852373172	12.56639485297934
23.6	1.0887665648686005e-10	12.566394852871014	12.56639485297989
23.7	1.2472555823987083e-11	12.56639485296632	12.566394852978792
23.8	2.8919669516181463e-10	12.566394852687045	12.566394852976241
23.9	8.841188796705591e-10	12.566394852088413	12.566394852972532
24.0	1.7210364187400251e-9	12.566394851246994	12.56639485296803
24.1	2.7096853500229383e-9	12.56639485025346	12.566394852963144
24.2	3.753622445836797e-9	12.566394849204665	12.566394852958288
24.3	4.75812198209436e-9	12.56639484819572	12.566394852953843
24.4	5.637469094131008e-9	12.566394847312676	12.566394852950145
24.5	6.321115460966141e-9	12.566394846626327	12.566394852947443
24.6	6.7582837512251425e-9	12.566394846187613	12.566394852945898
24.7	6.920753109734951e-9	12.566394846024812	12.566394852945566
24.8	6.8037160676550425e-9	12.566394846142693	12.56639485294641
24.9	6.424754533170887e-9	12.566394846523545	12.5663948529483
25.0	5.821126719284021e-9	12.566394847129905	12.566394852951031
25.1	5.045677495009015e-9	12.566394847908672	12.56639485295435
25.2	4.1617736775930505e-9	12.56639484879619	12.566394852957963
25.3	3.237718134853569e-9	12.566394849723862	12.56639485296158
25.4	2.3411103264616568e-9	12.56639485062381	12.56639485296492
25.5	1.5335972995683061e-9	12.56639485143415	12.566394852967749
25.6	8.664022353181418e-10	12.566394852103473	12.566394852969875
25.7	3.7693384804514753e-10	12.566394852594248	12.566394852971182
25.8	8.667741656233365e-11	12.566394852884946	12.566394852971623
25.9	4.561047620919422e-13	12.566394852970761	12.566394852971218
26.0	1.0703884229371745e-10	12.566394852863013	12.566394852970053
26.1	3.80967186509276e-10	12.566394852587303	12.56639485296827
26.2	7.853858846219623e-10	12.566394852180663	12.566394852966049
26.3	1.2755961957432808e-9	12.566394851687997	12.566394852963594
26.4	1.803011238082837e-9	12.566394851158103	12.566394852961114
26.5	2.3191802698785153e-9	12.566394850639629	12.566394852958808
26.6	2.779563228014142e-9	12.566394850177291	12.566394852956854
26.7	3.1467753170374522e-9	12.566394849808606	12.566394852955382
26.8	3.393079526135394e-9	12.566394849561407	12.566394852954486
26.9	3.5019769458066408e-9	12.566394849452227	12.566394852954204
27.0	3.468824204853282e-9	12.566394849485699	12.566394852954522
27.1	3.3004875983780416e-9	12.5663948496549	12.566394852955387
27.2	3.014118208222415e-9	12.566394849942585	12.566394852956703
27.3	2.6351960154637128e-9	12.566394850323142	12.566394852958338
27.4	2.1950393471248584e-9	12.566394850765112	12.566394852960151
27.5	1.7280061203576359e-9	12.566394851233989	12.566394852961995
27.6	1.2686239758945654e-9	12.566394851695101	12.566394852963725
27.7	8.488778565646428e-10	12.566394852116336	12.566394852965214
27.8	4.958576926390359e-10	12.566394852470506	12.566394852966363
27.9	2.2992865959830303e-10	12.566394852737178	12.566394852967106
28.0	6.35359677383861e-11	12.566394852903876	12.566394852967413
28.1	6.998875845717237e-13	12.566394852966585	12.566394852967285
28.2	3.719944939907294e-11	12.566394852929562	12.566394852966761
28.3	1.6138951548573484e-10	12.566394852804521	12.56639485296591
28.4	3.555497016185877e-10	12.56639485260927	12.56639485296482
28.5	5.976280850560271e-10	12.566394852365962	12.56639485296359
28.6	8.632199242708347e-10	12.566394852099107	12.566394852962327
28.7	1.1276127427535997e-9	12.566394851833524	12.566394852961137
28.8	1.367733967019452e-9	12.566394851592372	12.566394852960107
28.9	1.5638546641568444e-9	12.566394851395456	12.566394852959311
29.0	1.700930696196143e-9	12.566394851257868	12.5663948529588
29.1	1.7694980070920742e-9	12.5663948511891	12.566394852958599
29.2	1.7660785626977436e-9	12.566394851192626	12.566394852958705
29.3	1.6930943012338318e-9	12.566394851266	12.566394852959094
29.4	1.5583250677097481e-9	12.566394851401396	12.566394852959721
29.5	1.3739800138760826e-9	12.566394851586546	12.566394852960526
29.6	1.1554780298337933e-9	12.566394851805956	12.566394852961434
29.7	9.200498366636228e-10	12.56639485204232	12.56639485296237
29.8	6.852816138720152e-10	12.56639485227798	12.566394852963262
29.9	4.67717478579694e-10	12.566394852496327	12.566394852964045
30.0	2.816265578756306e-10	12.566394852683034	12.566394852964661
30.1	1.380212427664848e-10	12.566394852827058	12.566394852965079
30.2	4.3988429461299815e-11	12.566394852921286	12.566394852965274
30.3	2.3674133771691865e-12	12.566394852962883	12.566394852965251
30.4	1.177900260889869e-11	12.566394852953243	12.566394852965022
30.5	6.698269225096021e-11	12.566394852897636	12.566394852964619
30.6	1.5951447444458038e-10	12.566394852804569	12.566394852964084
30.7	2.7853874248496153e-10	12.566394852684931	12.56639485296347
30.8	4.1183496876337664e-10	12.566394852550994	12.566394852962828
30.9	5.46834017671657e-10	12.566394852415382	12.566394852962215
31.0	6.716201367974102e-10	12.566394852290054	12.566394852961675
31.1	7.758223440855835e-10	12.566394852185425	12.566394852961247
31.2	8.513321092528342e-10	12.566394852109628	12.56639485296096
31.3	8.928015569891045e-10	12.566394852068028	12.56639485296083
31.4	8.97896296212614e-10	12.566394852062958	12.566394852960855
31.5	8.672976988013682e-10	12.566394852093728	12.566394852961025
31.6	8.044693432782782e-10	12.566394852156854	12.566394852961324
31.7	7.152198982488535e-10	12.566394852246496	12.566394852961716
31.8	6.071087131767891e-10	12.56639485235506	12.56639485296217
31.9	4.887499286252352e-10	12.566394852473895	12.566394852962645
32.0	3.6907553275999515e-10	12.566394852594028	12.566394852963104
32.1	2.56617408020126e-10	12.566394852706894	12.566394852963512
32.2	1.5886335836448772e-10	12.56639485280498	12.566394852963843
32.3	8.173305598975104e-11	12.56639485288234	12.566394852964073
32.4	2.9207742009548595e-11	12.566394852934987	12.566394852964194
32.5	3.1334858796854057e-12	12.56639485296107	12.566394852964203
32.6	3.203064438333085e-12	12.566394852960903	12.566394852964105
32.7	2.7107258258313035e-11	12.566394852936808	12.566394852963915
32.8	7.083366695389845e-11	12.566394852892822	12.566394852963656
32.9	1.290809154642467e-10	12.56639485283427	12.56639485296335
33.0	1.957490132199135e-10	12.566394852767276	12.566394852963025
33.1	2.6446300788570314e-10	12.566394852698247	12.56639485296271
33.2	3.2908702062485566e-10	12.56639485263334	12.566394852962429
33.3	3.841890528844612e-10	12.56639485257801	12.5663948529622
33.4	4.254231577397665e-10	12.566394852536616	12.56639485296204
33.5	4.4980401453811707e-10	12.566394852512154	12.566394852961958
33.6	4.558588403863321e-10	12.566394852506097	12.566394852961956
33.7	4.4365205625901895e-10	12.566394852518378	12.56639485296203
33.8	4.1468834453885954e-10	12.566394852547482	12.566394852962171
33.9	3.7170890555876064e-10	12.566394852590653	12.566394852962363
34.0	3.18403188648041e-10	12.566394852644184	12.566394852962587
34.1	2.59063655788851e-10	12.566394852703763	12.566394852962826
34.2	1.982139502983725e-10	12.566394852764848	12.566394852963063
34.3	1.402411157841193e-10	12.566394852823034	12.566394852963276
34.4	8.906037181120158e-11	12.56639485287439	12.566394852963452
34.5	4.7836712896988654e-11	12.56639485291574	12.566394852963578
34.6	1.8781712981989514e-11	12.566394852944867	12.566394852963649
34.7	3.036946186894108e-12	12.566394852960627	12.566394852963665
34.8	6.479859926435816e-13	12.566394852962977	12.566394852963626
34.9	1.0625629556240886e-11	12.56639485295291	12.566394852963537
35.0	3.108437554496412e-11	12.566394852932326	12.56639485296341
35.1	5.944273845809293e-11	12.566394852903816	12.566394852963258
35.2	9.266606575973373e-11	12.56639485287043	12.566394852963095
35.3	1.275303514781597e-10	12.566394852835403	12.566394852962933
35.4	1.6088517735192203e-10	12.566394852801901	12.566394852962786
35.5	1.89895280843762e-10	12.56639485277277	12.566394852962667
35.6	2.122431385710129e-10	12.566394852750335	12.566394852962578
35.7	2.2627904769314573e-10	12.566394852736249	12.566394852962528
35.8	2.311100949720483e-10	12.56639485273141	12.56639485296252
35.9	2.2662469171664753e-10	12.566394852735925	12.56639485296255
36.0	2.1345458663939365e-10	12.566394852749161	12.566394852962615
36.1	1.9288104196550014e-10	12.566394852769827	12.566394852962707
36.2	1.6669582522524515e-10	12.566394852796124	12.56639485296282
36.3	1.3703056785431107e-10	12.56639485282591	12.56639485296294
36.4	1.0616970893581846e-10	12.566394852856892	12.566394852963061
36.5	7.636262099305318e-11	12.566394852886809	12.566394852963171
36.6	4.9649651657480746e-11	12.566394852913616	12.566394852963265
36.7	2.7714851533950568e-11	12.56639485293562	12.566394852963334
36.8	1.1775313536097232e-11	12.566394852951602	12.566394852963377
36.9	2.5135971535489636e-12	12.566394852960876	12.56639485296339
37.0	5.5958432305395326e-14	12.566394852963318	12.566394852963375
37.1	3.995364141650765e-12	12.566394852959338	12.566394852963333
37.2	1.3454828601992337e-11	12.566394852949818	12.566394852963272
37.3	2.7183724911478218e-11	12.566394852936014	12.566394852963198
37.4	4.3677581618300716e-11	12.566394852919439	12.566394852963116
37.5	6.131060423608378e-11	12.566394852901723	12.566394852963034
37.6	7.846980613125135e-11	12.566394852884487	12.566394852962958
37.7	9.368016844874358e-11	12.566394852869212	12.566394852962892
37.8	1.0571157912147467e-10	12.566394852857133	12.566394852962844
37.9	1.1366027533003683e-10	12.566394852849156	12.566394852962816
38.0	1.1699993940183347e-10	12.566394852845807	12.566394852962807
38.1	1.1560025860393239e-10	12.56639485284722	12.56639485296282
38.2	1.0971343265512973e-10	12.566394852853136	12.56639485296285
38.3	9.99315893234618e-11	12.566394852862963	12.566394852962894
38.4	8.712016631860541e-11	12.56639485287583	12.566394852962949
38.5	7.233389539340679e-11	12.566394852890676	12.56639485296301
38.6	5.6722989768407316e-11	12.566394852906349	12.566394852963072
38.7	4.143744969133329e-11	12.566394852921691	12.566394852963128
38.8	2.7537077382935273e-11	12.566394852935641	12.566394852963178
38.9	1.5913894999338652e-11	12.566394852947301	12.566394852963215
39.0	7.232291858361741e-12	12.566394852956007	12.566394852963239
39.1	1.8905248360469097e-12	12.56639485296136	12.56639485296325
39.2	5.311497767473637e-15	12.566394852963239	12.566394852963244
39.3	1.4193472668585322e-12	12.566394852961807	12.566394852963226
39.4	5.7297963015180884e-12	12.566394852957467	12.566394852963198
39.5	1.2334282450090198e-11	12.566394852950825	12.56639485296316
39.6	2.0489745372964006e-11	12.56639485294263	12.56639485296312
39.7	2.93787968928623e-11	12.566394852933698	12.566394852963077
39.8	3.8177945288308097e-11	12.566394852924859	12.566394852963036
39.9	4.612224398007573e-11	12.566394852916881	12.566394852963004
40.0	5.2561524031780193e-11	12.566394852910415	12.566394852962977
40.1	5.7004315361663746e-11	12.566394852905956	12.566394852962961
40.2	5.914675530394456e-11	12.566394852903807	12.566394852962954
40.3	5.888511711787429e-11	12.566394852904073	12.566394852962958
40.4	5.6311952629060264e-11	12.56639485290666	12.566394852962972
40.5	5.169712433301575e-11	12.566394852911296	12.566394852962993
40.6	4.545610763022747e-11	12.566394852917565	12.566394852963022
40.7	3.810879743379836e-11	12.566394852924942	12.56639485296305
40.8	3.023260342442426e-11	12.56639485293285	12.566394852963082
40.9	2.241383975604014e-11	12.566394852940698	12.566394852963112
41.0	1.5201310237252105e-11	12.566394852947937	12.566394852963139
41.1	9.065586508483232e-12	12.566394852954092	12.566394852963157
41.2	4.36682380072409e-12	12.566394852958805	12.566394852963171
41.3	1.333122370590902e-12	12.566394852961844	12.566394852963176
41.4	5.049896743897476e-14	12.566394852963127	12.566394852963176
41.5	4.645618604775905e-13	12.566394852962704	12.56639485296317
41.6	2.3930625477224197e-12	12.566394852960762	12.566394852963155
41.7	5.547696241896995e-12	12.566394852957588	12.566394852963136
41.8	9.562897101809311e-12	12.566394852953554	12.566394852963116
41.9	1.4028961492933343e-11	12.566394852949065	12.566394852963095
42.0	1.8526652877547022e-11	12.566394852944548	12.566394852963075
42.1	2.266049543172198e-11	12.566394852940396	12.566394852963057
42.2	2.6088232102851202e-11	12.566394852936954	12.566394852963041
42.3	2.854437275591864e-11	12.566394852934488	12.566394852963032
42.4	2.9856343348567044e-11	12.566394852933172	12.566394852963029
42.5	2.995241392174184e-11	12.566394852933078	12.56639485296303
42.6	2.8861274623022013e-11	12.566394852934176	12.566394852963036
42.7	2.6703789495022598e-11	12.566394852936343	12.566394852963047
42.8	2.367803758438896e-11	12.566394852939382	12.566394852963061
42.9	2.003920955055928e-11	12.566394852943036	12.566394852963075
43.0	1.6076236752129533e-11	12.566394852947015	12.566394852963091
43.1	1.208717354670877e-11	12.566394852951019	12.566394852963105
43.2	8.355330841550743e-12	12.566394852954764	12.56639485296312
43.3	5.127981449353739e-12	12.566394852958002	12.56639485296313
43.4	2.599148606542973e-12	12.566394852960538	12.566394852963137
43.5	8.97580088129794e-13	12.566394852962244	12.56639485296314
43.6	8.053958140762538e-14	12.566394852963061	12.56639485296314
43.7	1.3355481916036883e-13	12.566394852963004	12.566394852963137
43.8	9.75788148771384e-13	12.566394852962155	12.56639485296313
43.9	2.4702756624678124e-12	12.566394852960652	12.566394852963123
44.0	4.43794529855902e-12	12.566394852958675	12.566394852963112
44.1	6.674093701994355e-12	12.566394852956428	12.566394852963102
44.2	8.965887889833513e-12	12.566394852954126	12.566394852963091
44.3	1.1109462855623374e-11	12.566394852951973	12.566394852963082
44.4	1.2925302715736011e-11	12.566394852950149	12.566394852963073
44.5	1.427080513623978e-11	12.566394852948799	12.56639485296307
44.6	1.5049214320470356e-11	12.566394852948017	12.566394852963066
44.7	1.5214440106349793e-11	12.566394852947852	12.566394852963066
44.8	1.477163096895808e-11	12.566394852948298	12.56639485296307
44.9	1.3773708497984466e-11	12.566394852949301	12.566394852963075
45.0	1.2314374278507557e-11	12.566394852950767	12.56639485296308
45.1	1.0518345491536412e-11	12.56639485295257	12.566394852963088
45.2	8.529747225696852e-12	12.566394852954566	12.566394852963096
45.3	6.4996784110488836e-12	12.566394852956604	12.566394852963104
45.4	4.573972417430001e-12	12.566394852958537	12.56639485296311
45.5	2.8820974221372658e-12	12.566394852960235	12.566394852963116
45.6	1.5279963457516414e-12	12.566394852961594	12.566394852963121
45.7	5.834669693172786e-13	12.56639485296254	12.566394852963123
45.8	8.444856117368921e-14	12.56639485296304	12.566394852963125
45.9	3.033236388124449e-14	12.566394852963091	12.566394852963121
46.0	3.861699601936787e-13	12.566394852962732	12.566394852963118
46.1	1.0874345373560515e-12	12.566394852962027	12.566394852963114
46.2	2.0468110701848787e-12	12.566394852961063	12.566394852963109
46.3	3.162364053033317e-12	12.566394852959942	12.566394852963104
46.4	4.326362510233754e-12	12.566394852958773	12.5663948529631
46.5	5.434033503639202e-12	12.56639485295766	12.566394852963095
46.6	6.391564301745794e-12	12.566394852956698	12.56639485296309
46.7	7.122772530417284e-12	12.566394852955964	12.566394852963088
46.8	7.574002252817217e-12	12.566394852955511	12.566394852963086
46.9	7.716968844879248e-12	12.56639485295537	12.566394852963086
47.0	7.54945229357947e-12	12.566394852955538	12.566394852963088
47.1	7.093912635346758e-12	12.566394852955995	12.56639485296309
47.2	6.394259230846969e-12	12.566394852956698	12.566394852963093
47.3	5.511136057828843e-12	12.566394852957584	12.566394852963095
47.4	4.516179637418248e-12	12.566394852958584	12.5663948529631
47.5	3.485759356872166e-12	12.566394852959618	12.566394852963104
47.6	2.4947201140175527e-12	12.566394852960613	12.566394852963107
47.7	1.610616143797977e-12	12.5663948529615	12.56639485296311
47.8	8.88857469296815e-13	12.566394852962224	12.566394852963112
47.9	3.6909407233642857e-13	12.566394852962745	12.566394852963114
48.0	7.304684595110325e-14	12.566394852963041	12.566394852963114
48.1	3.868906573569125e-15	12.56639485296311	12.566394852963114
48.2	1.469962739340219e-13	12.566394852962965	12.566394852963112
48.3	4.723329525423798e-13	12.566394852962638	12.56639485296311
48.4	9.375203502044615e-13	12.566394852962171	12.566394852963109
48.5	1.4919710608680891e-12	12.566394852961613	12.566394852963105
48.6	2.0813062927785764e-12	12.566394852961022	12.566394852963104
48.7	2.6518260948587484e-12	12.566394852960448	12.5663948529631
48.8	3.1546610003252665e-12	12.566394852959943	12.566394852963098
48.9	3.549299488887626e-12	12.566394852959547	12.566394852963096
49.0	3.80625262540662e-12	12.56639485295929	12.566394852963096
49.1	3.908698870129583e-12	12.566394852959187	12.566394852963095
49.2	3.8530411168908255e-12	12.566394852959242	12.566394852963095
49.3	3.64839709435742e-12	12.566394852959448	12.566394852963096
49.4	3.3151263936809744e-12	12.566394852959784	12.566394852963098
49.5	2.882566554149496e-12	12.566394852960217	12.5663948529631
49.6	2.386202208656813e-12	12.566394852960716	12.566394852963102
49.7	1.8645222781081492e-12	12.56639485296124	12.566394852963105
49.8	1.3558294114676448e-12	12.56639485296175	12.566394852963105
49.9	8.952538742587562e-13	12.566394852962212	12.566394852963107
50.0	5.121930948518693e-13	12.566394852962597	12.566394852963109
50.1	2.283516409497006e-13	12.566394852962882	12.56639485296311
50.2	5.6499069404617174e-14	12.566394852963054	12.56639485296311
50.3	1.3920785916046883e-21	12.566394852963109	12.566394852963109
50.4	5.310719611688318e-14	12.566394852963056	12.566394852963109
50.5	2.0194932649956223e-13	12.566394852962906	12.566394852963109
50.6	4.260949455097249e-13	12.56639485296268	12.566394852963107
50.7	7.005361663908317e-13	12.566394852962405	12.566394852963105
50.8	9.979120989398535e-13	12.566394852962105	12.566394852963104
50.9	1.2907840578306173e-12	12.566394852961812	12.566394852963104
51.0	1.5537816938080879e-12	12.566394852961547	12.566394852963102
51.1	1.7654600346379996e-12	12.566394852961336	12.566394852963102
51.2	1.9097395177959306e-12	12.56639485296119	12.5663948529631
51.3	1.976841275539104e-12	12.566394852961123	12.5663948529631
51.4	1.9636745777470156e-12	12.566394852961137	12.5663948529631
51.5	1.873678697643334e-12	12.566394852961228	12.566394852963102
51.6	1.7161639559303683e-12	12.566394852961386	12.566394852963102
51.7	1.505233172113886e-12	12.566394852961597	12.566394852963102
51.8	1.258392716101385e-12	12.566394852961844	12.566394852963102
51.9	9.949801284412e-13	12.566394852962109	12.566394852963104
52.0	7.345420786245433e-13	12.56639485296237	12.566394852963105
52.1	4.952923759021209e-13	12.566394852962611	12.566394852963107
52.2	2.927657952793722e-13	12.566394852962814	12.566394852963107
52.3	1.3876130859068703e-13	12.566394852962969	12.566394852963107
52.4	4.0640136244701565e-14	12.566394852963066	12.566394852963107
52.5	1.012417007112238e-15	12.566394852963107	12.566394852963109
52.6	1.7813907029884502e-14	12.56639485296309	12.566394852963107
52.7	8.474354332912326e-14	12.566394852963022	12.566394852963107
52.8	1.9200622526821876e-13	12.566394852962913	12.566394852963105
52.9	3.2728460915112363e-13	12.566394852962778	12.566394852963105
53.0	4.768503328557254e-13	12.566394852962627	12.566394852963104
53.1	6.267195101425585e-13	12.566394852962476	12.566394852963104
53.2	7.637595309743129e-13	12.56639485296234	12.566394852963104
53.3	8.766635409425652e-13	12.566394852962226	12.566394852963104
53.4	9.567242944284778e-13	12.566394852962146	12.566394852963104
53.5	9.983588273131457e-13	12.566394852962103	12.566394852963102
53.6	9.993577666700202e-13	12.566394852962103	12.566394852963104
53.7	9.608561805232393e-13	12.566394852962143	12.566394852963104
53.8	8.870448220776134e-13	12.566394852962215	12.566394852963102
53.9	7.846597908046863e-13	12.566394852962318	12.566394852963104
54.0	6.623036849154904e-13	12.566394852962441	12.566394852963104
54.1	5.296613253812374e-13	12.566394852962574	12.566394852963104
54.2	3.9667761053435716e-13	12.56639485296271	12.566394852963105
54.3	2.727639929982345e-13	12.566394852962834	12.566394852963107
54.4	1.6609387241997734e-13	12.56639485296294	12.566394852963107
54.5	8.303665927471202e-14	12.566394852963024	12.566394852963107
54.6	2.776646935702313e-14	12.566394852963079	12.566394852963107
54.7	2.065627310530583e-15	12.566394852963104	12.566394852963105
54.8	5.326741219181982e-15	12.5663948529631	12.566394852963105
54.9	3.474137810568313e-14	12.566394852963072	12.566394852963107
55.0	8.564950909229405e-14	12.56639485296302	12.566394852963105
55.1	1.5201287310638738e-13	12.566394852962953	12.566394852963105
55.2	2.26967920104125e-13	12.566394852962878	12.566394852963105
55.3	3.034104131107493e-13	12.566394852962802	12.566394852963105
55.4	3.7456414045092936e-13	12.56639485296273	12.566394852963105
55.5	4.344902518477419e-13	12.56639485296267	12.566394852963105
55.6	4.785009489965438e-13	12.566394852962626	12.566394852963104
55.7	5.034508828554444e-13	12.5663948529626	12.566394852963104
55.8	5.078907430461148e-13	12.566394852962596	12.566394852963104
55.9	4.920792109626802e-13	12.566394852962611	12.566394852963104
56.0	4.578607422291001e-13	12.566394852962647	12.566394852963105
56.1	4.084266869898805e-13	12.566394852962695	12.566394852963104
56.2	3.479853372899321e-13	12.566394852962757	12.566394852963105
56.3	2.8137209363448344e-13	12.566394852962823	12.566394852963104
56.4	2.1363377580103037e-13	12.566394852962892	12.566394852963105
56.5	1.4962110790079227e-13	12.566394852962956	12.566394852963105
56.6	9.36207510070685e-14	12.566394852963011	12.566394852963105
56.7	4.905330335647369e-14	12.566394852963057	12.566394852963107
56.8	1.8256961508132838e-14	12.566394852963088	12.566394852963105
56.9	2.3686673095259853e-15	12.566394852963104	12.566394852963105
57.0	1.3062386841400749e-15	12.566394852963104	12.566394852963105
57.1	1.3846876263255779e-14	12.566394852963091	12.566394852963105
57.2	3.779017434660577e-14	12.566394852963068	12.566394852963105
57.3	7.018786227917644e-14	12.566394852963034	12.566394852963105
57.4	1.076183422014301e-13	12.566394852962997	12.566394852963105
57.5	1.464818930925748e-13	12.566394852962958	12.566394852963104
57.6	1.8329223369893593e-13	12.56639485296292	12.566394852963104
57.7	2.1494187146730463e-13	12.56639485296289	12.566394852963105
57.8	2.3892206075906566e-13	12.566394852962866	12.566394852963105
57.9	2.534828860889923e-13	12.566394852962851	12.566394852963105
58.0	2.5772453011953736e-13	12.566394852962846	12.566394852963104
58.1	2.51616697054269e-13	12.566394852962853	12.566394852963105
58.2	2.3594895588586753e-13	12.566394852962869	12.566394852963105
58.3	2.1221999903958136e-13	12.566394852962892	12.566394852963104
58.4	1.8247810558237506e-13	12.566394852962922	12.566394852963105
58.5	1.4912817544845745e-13	12.566394852962956	12.566394852963105
58.6	1.147223949242796e-13	12.56639485296299	12.566394852963105
58.7	8.175185477441138e-14	12.566394852963024	12.566394852963105
58.8	5.2455336332252586e-14	12.566394852963052	12.566394852963105
58.9	2.865917565520094e-14	12.566394852963077	12.566394852963105
59.0	1.1658862774610317e-14	12.566394852963093	12.566394852963105
59.1	2.1491422131050532e-15	12.566394852963104	12.566394852963105
59.2	2.0519347143112274e-16	12.566394852963105	12.566394852963105
59.3	5.31333004486191e-15	12.5663948529631	12.566394852963105
59.4	1.6445882555950176e-14	12.56639485296309	12.566394852963105
59.5	3.217179812791277e-14	12.566394852963073	12.566394852963105
59.6	5.0792200673834735e-14	12.566394852963054	12.566394852963105
59.7	7.048884383495749e-14	12.566394852963034	12.566394852963105
59.8	8.947309492828299e-14	12.566394852963015	12.566394852963104
59.9	1.0612377744159329e-13	12.566394852962999	12.566394852963105
60.0	1.1910375988292398e-13	12.566394852962986	12.566394852963105
60.1	1.2744743722962507e-13	12.566394852962977	12.566394852963105
60.2	1.3061399046520272e-13	12.566394852962974	12.566394852963105
60.3	1.285042874507219e-13	12.566394852962976	12.566394852963104
60.4	1.214422577972448e-13	12.566394852962983	12.566394852963104
60.5	1.1012430363791726e-13	12.566394852962995	12.566394852963105
60.6	9.55425976948199e-14	12.56639485296301	12.566394852963105
60.7	7.888981633662109e-14	12.566394852963025	12.566394852963104
60.8	6.145386044472026e-14	12.566394852963043	12.566394852963105
60.9	4.451139283069051e-14	12.566394852963061	12.566394852963105
61.0	2.922858913336266e-14	12.566394852963075	12.566394852963104
61.1	1.6576435342771993e-14	12.56639485296309	12.566394852963105
61.2	7.266330286997987e-15	12.566394852963098	12.566394852963105
61.3	1.7098194854451987e-15	12.566394852963104	12.566394852963105
61.4	4.170514613025225e-18	12.566394852963105	12.566394852963105
61.5	1.9433763888483233e-15	12.566394852963104	12.566394852963105
61.6	7.052209320521377e-15	12.566394852963098	12.566394852963105
61.7	1.463928689836601e-14	12.566394852963091	12.566394852963105
61.8	2.3863867945411308e-14	12.56639485296308	12.566394852963104
61.9	3.381033845650459e-14	12.566394852963072	12.566394852963105
62.0	4.3564108800081484e-14	12.566394852963061	12.566394852963105
62.1	5.228290918801611e-14	12.566394852963052	12.566394852963104
62.2	5.925818992543909e-14	12.566394852963045	12.566394852963104
62.3	6.396242249004167e-14	12.566394852963041	12.566394852963105
62.4	6.607944962886112e-14	12.56639485296304	12.566394852963105
62.5	6.551652606017403e-14	12.56639485296304	12.566394852963105
62.6	6.239820109396801e-14	12.566394852963043	12.566394852963105
62.7	5.70436019460659e-14	12.566394852963048	12.566394852963105
62.8	4.992987829007234e-14	12.566394852963056	12.566394852963105
62.9	4.1645483489834776e-14	12.566394852963063	12.566394852963104
63.0	3.2837541980641426e-14	12.566394852963072	12.566394852963104
63.1	2.4157761117682886e-14	12.56639485296308	12.566394852963105
63.2	1.6211194966986383e-14	12.56639485296309	12.566394852963105
63.3	9.511690032244278e-15	12.566394852963096	12.566394852963105
63.4	4.44709522519424e-15	12.5663948529631	12.566394852963105
63.5	1.2563745723060192e-15	12.566394852963104	12.566394852963105
63.6	1.9706165719311407e-17	12.566394852963105	12.566394852963105
63.7	6.61573354837805e-16	12.566394852963105	12.566394852963105
63.8	2.9658393917930767e-15	12.566394852963102	12.566394852963105
63.9	6.600920144005995e-15	12.566394852963098	12.566394852963105
64.0	1.1152491426312769e-14	12.566394852963095	12.566394852963105
64.1	1.6160729401830203e-14	12.56639485296309	12.566394852963105
64.2	2.1158904674323534e-14	12.566394852963084	12.566394852963105
64.3	2.571023196237701e-14	12.566394852963079	12.566394852963104
64.4	2.9440196216816124e-14	12.566394852963075	12.566394852963105
64.5	3.2062093925585305e-14	12.566394852963073	12.566394852963105
64.6	3.339419297078388e-14	12.566394852963072	12.566394852963105
64.7	3.336766506063628e-14	12.566394852963072	12.566394852963105
64.8	3.202521749270108e-14	12.566394852963073	12.566394852963105
64.9	2.9511083823249825e-14	12.566394852963075	12.566394852963105
65.0	2.605367068991609e-14	12.566394852963079	12.566394852963105
65.1	2.194265606847469e-14	12.566394852963082	12.566394852963104
65.2	1.7502661786120082e-14	12.566394852963088	12.566394852963105
65.3	1.306576458999136e-14	12.566394852963091	12.566394852963104
65.4	8.945065514966783e-15	12.566394852963096	12.566394852963105
65.5	5.411321409253427e-15	12.5663948529631	12.566394852963105
65.6	2.6742825711570768e-15	12.566394852963102	12.566394852963105
65.7	8.699135115252355e-16	12.566394852963104	12.566394852963104
65.8	5.4143020065897245e-17	12.566394852963105	12.566394852963105
65.9	2.0324047612571887e-16	12.566394852963105	12.566394852963105
66.0	1.2203918263930066e-15	12.566394852963104	12.566394852963105
66.1	2.947590215375727e-15	12.566394852963102	12.566394852963105
66.2	5.1815947165183614e-15	12.5663948529631	12.566394852963105
66.3	7.692468236311828e-15	12.566394852963098	12.566394852963105
66.4	1.0243094034989166e-14	12.566394852963095	12.566394852963105
66.5	1.260809011234064e-14	12.566394852963093	12.566394852963105
66.6	1.4590682379121257e-14	12.566394852963091	12.566394852963105
66.7	1.6036342647396848e-14	12.56639485296309	12.566394852963105
66.8	1.6842320726286407e-14	12.566394852963088	12.566394852963104
66.9	1.6962571509709315e-14	12.566394852963088	12.566394852963105
67.0	1.640796617534725e-14	12.56639485296309	12.566394852963105
67.1	1.5242050396219122e-14	12.56639485296309	12.566394852963105
67.2	1.3572943691463344e-14	12.566394852963091	12.566394852963105
67.3	1.1542239555028912e-14	12.566394852963093	12.566394852963104
67.4	9.311949074402959e-15	12.566394852963096	12.566394852963105
67.5	7.0506219969992755e-15	12.566394852963098	12.566394852963105
67.6	4.9197768645106375e-15	12.5663948529631	12.566394852963105
67.7	3.061681497181977e-15	12.566394852963102	12.566394852963105
67.8	1.5893588501838857e-15	12.566394852963104	12.566394852963105
67.9	5.794683713224491e-16	12.566394852963105	12.566394852963105
68.0	6.845034031307339e-17	12.566394852963105	12.566394852963105
68.1	5.204291874758367e-17	12.566394852963105	12.566394852963105
68.2	4.880113605774756e-16	12.566394852963105	12.566394852963105
68.3	1.3016867619380968e-15	12.566394852963104	12.566394852963105
68.4	2.3937152396292206e-15	12.566394852963104	12.566394852963105
68.5	3.64928034359074e-15	12.566394852963102	12.566394852963105
68.6	4.9479893377708206e-15	12.5663948529631	12.566394852963105
68.7	6.173609609953347e-15	12.566394852963098	12.566394852963104
68.8	7.222901312170115e-15	12.566394852963098	12.566394852963105
68.9	8.01290792749201e-15	12.566394852963096	12.566394852963105
69.0	8.486225412934465e-15	12.566394852963096	12.566394852963105
69.1	8.613957770845311e-15	12.566394852963096	12.566394852963105
69.2	8.396265889900918e-15	12.566394852963096	12.566394852963105
69.3	7.860610855572428e-15	12.566394852963096	12.566394852963104
69.4	7.0579676011789465e-15	12.566394852963098	12.566394852963105
69.5	6.057427178645862e-15	12.566394852963098	12.566394852963104
69.6	4.939706830982018e-15	12.5663948529631	12.566394852963105
69.7	3.790141066400661e-15	12.566394852963102	12.566394852963105
69.8	2.691732730569146e-15	12.566394852963102	12.566394852963105
69.9	1.7188031994560775e-15	12.566394852963104	12.566394852963105
70.0	9.317012508409254e-16	12.566394852963104	12.566394852963105
70.1	3.7291962736917666e-16	12.566394852963105	12.566394852963105
70.2	6.483734946033874e-17	12.566394852963105	12.566394852963105
70.3	9.165952608854842e-18	12.566394852963105	12.566394852963105
70.4	1.8804044373886386e-16	12.566394852963105	12.566394852963105
70.5	5.665713977474599e-16	12.566394852963105	12.566394852963105
70.6	1.0965720720163545e-15	12.566394852963104	12.566394852963105
70.7	1.7211002829057292e-15	12.566394852963104	12.566394852963105
70.8	2.3794130442559665e-15	12.566394852963104	12.566394852963105
70.9	3.011923861036702e-15	12.566394852963102	12.566394852963105
71.0	3.564776696597841e-15	12.566394852963102	12.566394852963105
71.1	3.993703205538687e-15	12.566394852963102	12.566394852963105
71.2	4.266905115156634e-15	12.5663948529631	12.566394852963104
71.3	4.366794518172381e-15	12.5663948529631	12.566394852963104
71.4	4.2905234009597735e-15	12.5663948529631	12.566394852963104
71.5	4.0493319304621884e-15	12.566394852963102	12.566394852963105
71.6	3.666835293346832e-15	12.566394852963102	12.566394852963105
71.7	3.1764446828235047e-15	12.566394852963102	12.566394852963105
71.8	2.6181742917165275e-15	12.566394852963102	12.566394852963104
71.9	2.0351196062128657e-15	12.566394852963104	12.566394852963105
72.0	1.4699015590007156e-15	12.566394852963104	12.566394852963105
72.1	9.613568007701196e-16	12.566394852963104	12.566394852963105
72.2	5.417189014621762e-16	12.566394852963105	12.566394852963105
72.3	2.344826448611015e-16	12.566394852963105	12.566394852963105
72.4	5.3078825850903305e-17	12.566394852963105	12.566394852963105
72.5	4.1587928434719887e-19	12.566394852963105	12.566394852963105
72.6	6.927323571939797e-17	12.566394852963105	12.566394852963105
72.7	2.4346518970730427e-16	12.566394852963105	12.566394852963105
72.8	4.996382215277637e-16	12.566394852963105	12.566394852963105
72.9	8.095229768708429e-16	12.566394852963104	12.566394852963104
73.0	1.1424369752547236e-15	12.566394852963104	12.566394852963105
73.1	1.4678266041743532e-15	12.566394852963104	12.566394852963105
73.2	1.7576466039779065e-15	12.566394852963104	12.566394852963105
73.3	1.9884002491648508e-15	12.566394852963104	12.566394852963105
73.4	2.1427008547190895e-15	12.566394852963104	12.566394852963105
73.5	2.2102613382864635e-15	12.566394852963104	12.566394852963105
73.6	2.1882691516902987e-15	12.566394852963104	12.566394852963105
73.7	2.0811546743827994e-15	12.566394852963104	12.566394852963105
73.8	1.8998081194010747e-15	12.566394852963104	12.566394852963105
73.9	1.6603396927003085e-15	12.566394852963104	12.566394852963105
74.0	1.3825075290498254e-15	12.566394852963104	12.566394852963105
74.1	1.0879561197637984e-15	12.566394852963104	12.566394852963105
74.2	7.984138883328576e-16	12.566394852963104	12.566394852963104
74.3	5.339925965985822e-16	12.566394852963105	12.566394852963105
74.4	3.1171461216886454e-16	12.566394852963105	12.566394852963105
74.5	1.4436871057393018e-16	12.566394852963105	12.566394852963105
74.6	3.9763529673808706e-17	12.566394852963105	12.566394852963105
74.7	4.1285061282279526e-19	12.566394852963105	12.566394852963105
74.8	2.3651433166085075e-17	12.566394852963105	12.566394852963105
74.9	1.021469201050732e-16	12.566394852963105	12.566394852963105
75.0	2.247447414094099e-16	12.566394852963105	12.566394852963105
75.1	3.775608961595132e-16	12.566394852963105	12.566394852963105
75.2	5.452232655386634e-16	12.566394852963105	12.566394852963105
75.3	7.121563495208005e-16	12.566394852963104	12.566394852963104
75.4	8.638069857106276e-16	12.566394852963104	12.566394852963104
75.5	9.877190317516558e-16	12.566394852963104	12.566394852963105
75.6	1.0743819519562695e-15	12.566394852963104	12.566394852963105
75.7	1.117800089875561e-15	12.566394852963104	12.566394852963105
75.8	1.1157541870638188e-15	12.566394852963104	12.566394852963105
75.9	1.069752349612048e-15	12.566394852963104	12.566394852963105
76.0	9.846921267427547e-16	12.566394852963104	12.566394852963105
76.1	8.682767975760632e-16	12.566394852963104	12.566394852963104
76.2	7.302458362781218e-16	12.566394852963104	12.566394852963104
76.3	5.814907476634618e-16	12.566394852963105	12.566394852963105
76.4	4.3313244193233264e-16	12.566394852963105	12.566394852963105
76.5	2.956349836741329e-16	12.566394852963105	12.566394852963105
76.6	1.780233522410225e-16	12.566394852963105	12.566394852963105
76.7	8.726068510243574e-17	12.566394852963105	12.566394852963105
76.8	2.782459624100956e-17	12.566394852963105	12.566394852963105
76.9	1.5040565411795132e-18	12.566394852963105	12.566394852963105
77.0	7.419579951134334e-18	12.566394852963105	12.566394852963105
77.1	4.225162633817465e-17	12.566394852963105	12.566394852963105
77.2	1.0064659104324754e-16	12.566394852963105	12.566394852963105
77.3	1.7575761106121213e-16	12.566394852963105	12.566394852963105
77.4	2.5986943873803877e-16	12.566394852963105	12.566394852963105
77.5	3.4505318667222944e-16	12.566394852963105	12.566394852963105
77.6	4.2379780931917054e-16	12.566394852963105	12.566394852963105
77.7	4.895703712921791e-16	12.566394852963105	12.566394852963105
77.8	5.372657686089424e-16	12.566394852963105	12.566394852963105
77.9	5.635177016413326e-16	12.566394852963105	12.566394852963105
78.0	5.668552992675693e-16	12.566394852963105	12.566394852963105
78.1	5.477027770359254e-16	12.566394852963105	12.566394852963105
78.2	5.082318439413063e-16	12.566394852963105	12.566394852963105
78.3	4.520873467934169e-16	12.566394852963105	12.566394852963105
78.4	3.840151395134272e-16	12.566394852963105	12.566394852963105
78.5	3.094268945991294e-16	12.566394852963105	12.566394852963105
78.6	2.3393928721906133e-16	12.566394852963105	12.566394852963105
78.7	1.629246732867445e-16	12.566394852963105	12.566394852963105
78.8	1.0110726956089612e-16	12.566394852963105	12.566394852963105
78.9	5.2233335595926486e-17	12.566394852963105	12.566394852963105
79.0	1.883651190204893e-17	12.566394852963105	12.566394852963105
79.1	2.11094290254549e-18	12.566394852963105	12.566394852963105
79.2	1.8958114153220428e-18	12.566394852963105	12.566394852963105
79.3	1.6766133289083406e-17	12.566394852963105	12.566394852963105
79.4	4.421675349441881e-17	12.566394852963105	12.566394852963105
79.5	8.091999973843223e-17	12.566394852963105	12.566394852963105
79.6	1.2303280722782062e-16	12.566394852963105	12.566394852963105
79.7	1.6652659335467122e-16	12.566394852963105	12.566394852963105
79.8	2.0751282872146377e-16	12.566394852963105	12.566394852963105
79.9	2.4253904423915773e-16	12.566394852963105	12.566394852963105
80.0	2.68833695204709e-16	12.566394852963105	12.566394852963105
80.1	2.844834961972342e-16	12.566394852963105	12.566394852963105
80.2	2.88533064232666e-16	12.566394852963105	12.566394852963105
80.3	2.8100341718062735e-16	12.566394852963105	12.566394852963105
80.4	2.62832507846771e-16	12.566394852963105	12.566394852963105
80.5	2.3574699886559365e-16	12.566394852963105	12.566394852963105
80.6	2.0207944050422384e-16	12.566394852963105	12.566394852963105
80.7	1.645485532728718e-16	12.566394852963105	12.566394852963105
80.8	1.2602222593119907e-16	12.566394852963105	12.566394852963105
80.9	8.928305122031137e-17	12.566394852963105	12.566394852963105
81.0	5.681481736127806e-17	12.566394852963105	12.566394852963105
81.1	3.062556599585013e-17	12.566394852963105	12.566394852963105
81.2	1.2118935569243445e-17	12.566394852963105	12.566394852963105
81.3	2.0209231928855745e-18	12.566394852963105	12.566394852963105
81.4	3.6434006011531383e-19	12.566394852963105	12.566394852963105
81.5	6.528520780702948e-18	12.566394852963105	12.566394852963105
81.6	1.9327648148779808e-17	12.566394852963105	12.566394852963105
81.7	3.7137673029576523e-17	12.566394852963105	12.566394852963105
81.8	5.804945428421848e-17	12.566394852963105	12.566394852963105
81.9	8.003452525515677e-17	12.566394852963105	12.566394852963105
82.0	1.0110982017599557e-16	12.566394852963105	12.566394852963105
82.1	1.1948868337532377e-16	12.566394852963105	12.566394852963105
82.2	1.3370737804450233e-16	12.566394852963105	12.566394852963105
82.3	1.4271889579948628e-16	12.566394852963105	12.566394852963105
82.4	1.4594889598254715e-16	12.566394852963105	12.566394852963105
82.5	1.4331181571566413e-16	12.566394852963105	12.566394852963105
82.6	1.3518833752315232e-16	12.566394852963105	12.566394852963105
82.7	1.223682553077861e-16	12.566394852963105	12.566394852963105
82.8	1.0596515398437645e-16	12.566394852963105	12.566394852963105
82.9	8.731107249136883e-17	12.566394852963105	12.566394852963105
83.0	6.784036570645005e-17	12.566394852963105	12.566394852963105
83.1	4.897228340033485e-17	12.566394852963105	12.566394852963105
83.2	3.200136187657674e-17	12.566394852963105	12.566394852963105
83.3	1.8003643288218958e-17	12.566394852963105	12.566394852963105
83.4	7.765108329231371e-18	12.566394852963105	12.566394852963105
83.5	1.7366738939555283e-18	12.566394852963105	12.566394852963105
83.6	1.7836295763439704e-20	12.566394852963105	12.566394852963105
83.7	2.368712991158514e-18	12.566394852963105	12.566394852963105
83.8	8.248031251774467e-18	12.566394852963105	12.566394852963105
83.9	1.6872697015625838e-17	12.566394852963105	12.566394852963105
84.0	2.729309114909938e-17	12.566394852963105	12.566394852963105
84.1	3.847728627441899e-17	12.566394852963105	12.566394852963105
84.2	4.939701241541888e-17	12.566394852963105	12.566394852963105
84.3	5.910843121712274e-17	12.566394852963105	12.566394852963105
84.4	6.682156341947825e-17	12.566394852963105	12.566394852963105
84.5	7.195346384680086e-17	12.566394852963105	12.566394852963105
84.6	7.416182663786652e-17	12.566394852963105	12.566394852963105
84.7	7.335748032209474e-17	12.566394852963105	12.566394852963105
84.8	6.969603708673924e-17	12.566394852963105	12.566394852963105
84.9	6.355063783213709e-17	12.566394852963105	12.566394852963105
85.0	5.5469148574143864e-17	12.566394852963105	12.566394852963105
85.1	4.612020996668246e-17	12.566394852963105	12.566394852963105
85.2	3.623315511838499e-17	12.566394852963105	12.566394852963105
85.3	2.6536969371219325e-17	12.566394852963105	12.566394852963105
85.4	1.7703189135577537e-17	12.566394852963105	12.566394852963105
85.5	1.0296981796199207e-17	12.566394852963105	12.566394852963105
85.6	4.739699923208139e-18	12.566394852963105	12.566394852963105
85.7	1.2850631007754528e-18	12.566394852963105	12.566394852963105
85.8	9.898788311279756e-21	12.566394852963105	12.566394852963105
85.9	8.191750351780305e-19	12.566394852963105	12.566394852963105
86.0	3.463975187076659e-18	12.566394852963105	12.566394852963105
86.1	7.570171506930702e-18	12.566394852963105	12.566394852963105
86.2	1.2674901716923682e-17	12.566394852963105	12.566394852963105
86.3	1.8267566903984472e-17	12.566394852963105	12.566394852963105
86.4	2.383195546863301e-17	12.566394852963105	12.566394852963105
86.5	2.888624050745246e-17	12.566394852963105	12.566394852963105
86.6	3.3017965908625147e-17	12.566394852963105	12.566394852963105
86.7	3.591168644776133e-17	12.566394852963105	12.566394852963105
86.8	3.7367608577497515e-17	12.566394852963105	12.566394852963105
86.9	3.731033674819928e-17	12.566394852963105	12.566394852963105
87.0	3.578760959523806e-17	12.566394852963105	12.566394852963105
87.1	3.295965782392863e-17	12.566394852963105	12.566394852963105
87.2	2.9080482185089835e-17	12.566394852963105	12.566394852963105
87.3	2.447289324255235e-17	12.566394852963105	12.566394852963105
87.4	1.9499541042315094e-17	12.566394852963105	12.566394852963105
87.5	1.4532369258874354e-17	12.566394852963105	12.566394852963105
87.6	9.922944154366935e-18	12.566394852963105	12.566394852963105
87.7	5.975936451486827e-18	12.566394852963105	12.566394852963105
87.8	2.9276906107404894e-18	12.566394852963105	12.566394852963105
87.9	9.313309489459325e-19	12.566394852963105	12.566394852963105
88.0	4.9268978530230023e-20	12.566394852963105	12.566394852963105
88.1	2.533411800880523e-19	12.566394852963105	12.566394852963105
88.2	1.4321753461333227e-18	12.566394852963105	12.566394852963105
88.3	3.4048102751828646e-18	12.566394852963105	12.566394852963105
88.4	5.939125882917443e-18	12.566394852963105	12.566394852963105
88.5	8.773316243056226e-18	12.566394852963105	12.566394852963105
88.6	1.1638480040796084e-17	12.566394852963105	12.566394852963105
88.7	1.4280418417869008e-17	12.566394852963105	12.566394852963105
88.8	1.647890945712406e-17	12.566394852963105	12.566394852963105
88.9	1.806304659383325e-17	12.566394852963105	12.566394852963105
89.0	1.8921648005141636e-17	12.566394852963105	12.566394852963105
89.1	1.9008220895984577e-17	12.566394852963105	12.566394852963105
89.2	1.8340451487631398e-17	12.566394852963105	12.566394852963105
89.3	1.6994643968133215e-17	12.566394852963105	12.566394852963105
89.4	1.5095912262272884e-17	12.566394852963105	12.566394852963105
89.5	1.2805210062834997e-17	12.566394852963105	12.566394852963105
89.6	1.030445197478675e-17	12.566394852963105	12.566394852963105
89.7	7.781028880846069e-18	12.566394852963105	12.566394852963105
89.8	5.412961728533492e-18	12.566394852963105	12.566394852963105
89.9	3.3557865411770204e-18	12.566394852963105	12.566394852963105
90.0	1.732042037318835e-18	12.566394852963105	12.566394852963105
90.1	6.239650228163894e-19	12.566394852963105	12.566394852963105
90.2	6.971288934339564e-20	12.566394852963105	12.566394852963105
90.3	6.315007156288526e-20	12.566394852963105	12.566394852963105
90.4	5.569754373831161e-19	12.566394852963105	12.566394852963105
90.5	1.4687451365179842e-18	12.566394852963105	12.566394852963105
90.6	2.689170728258329e-18	12.566394852963105	12.566394852963105
90.7	4.091951632574953e-18	12.566394852963105	12.566394852963105
90.8	5.544336753604628e-18	12.566394852963105	12.566394852963105
90.9	6.917602262086546e-18	12.566394852963105	12.566394852963105
91.0	8.096678331440976e-18	12.566394852963105	12.566394852963105
91.1	8.98825230916309e-18	12.566394852963105	12.566394852963105
91.2	9.526812537611326e-18	12.566394852963105	12.566394852963105
91.3	9.67826691989506e-18	12.566394852963105	12.566394852963105
91.4	9.440962402696306e-18	12.566394852963105	12.566394852963105
91.5	8.844132983520674e-18	12.566394852963105	12.566394852963105
91.6	7.944000406061876e-18	12.566394852963105	12.566394852963105
91.7	6.817928578847463e-18	12.566394852963105	12.566394852963105
91.8	5.557175744482419e-18	12.566394852963105	12.566394852963105
91.9	4.2588853578480336e-18	12.566394852963105	12.566394852963105
92.0	3.017998771526436e-18	12.566394852963105	12.566394852963105
92.1	1.919756138841586e-18	12.566394852963105	12.566394852963105
92.2	1.0333778965732232e-18	12.566394852963105	12.566394852963105
92.3	4.073949418460518e-19	12.566394852963105	12.566394852963105
92.4	6.693349306408764e-20	12.566394852963105	12.566394852963105
92.5	1.3076866386048923e-20	12.566394852963105	12.566394852963105
92.6	2.2423936371327093e-19	12.566394852963105	12.566394852963105
92.7	6.59315494436621e-19	12.566394852963105	12.566394852963105
92.8	1.262227015346715e-18	12.566394852963105	12.566394852963105
92.9	1.967392931936803e-18	12.566394852963105	12.566394852963105
93.0	2.7056005267664247e-18	12.566394852963105	12.566394852963105
93.1	3.409759701666318e-18	12.566394852963105	12.566394852963105
93.2	4.0200739007771195e-18	12.566394852963105	12.566394852963105
93.3	4.4882494808277944e-18	12.566394852963105	12.566394852963105
93.4	4.780479374214131e-18	12.566394852963105	12.566394852963105
93.5	4.879062675498108e-18	12.566394852963105	12.566394852963105
93.6	4.782646212087112e-18	12.566394852963105	12.566394852963105
93.7	4.50518596518925e-18	12.566394852963105	12.566394852963105
93.8	4.07381703592584e-18	12.566394852963105	12.566394852963105
93.9	3.525885756517298e-18	12.566394852963105	12.566394852963105
94.0	2.9054349384174793e-18	12.566394852963105	12.566394852963105
94.1	2.2594444105121516e-18	12.566394852963105	12.566394852963105
94.2	1.63411731063775e-18	12.566394852963105	12.566394852963105
94.3	1.0714726436578522e-18	12.566394852963105	12.566394852963105
94.4	6.06461377760926e-19	12.566394852963105	12.566394852963105
94.5	2.647715083857318e-19	12.566394852963105	12.566394852963105
94.6	6.143108629490513e-20	12.566394852963105	12.566394852963105
94.7	2.6037653717876077e-22	12.566394852963105	12.566394852963105
94.8	7.416756251658291e-20	12.566394852963105	12.566394852963105
94.9	2.6622873931169225e-19	12.566394852963105	12.566394852963105
95.0	5.514441920227084e-19	12.566394852963105	12.566394852963105
95.1	8.990210550994517e-19	12.566394852963105	12.566394852963105
95.2	1.2749995321311523e-18	12.566394852963105	12.566394852963105
95.3	1.6450182055356404e-18	12.566394852963105	12.566394852963105
95.4	1.977005768575278e-18	12.566394852963105	12.566394852963105
95.5	2.243593467356672e-18	12.566394852963105	12.566394852963105
95.6	2.4240654010981794e-18	12.566394852963105	12.566394852963105
95.7	2.505701980175637e-18	12.566394852963105	12.566394852963105
95.8	2.484423025883999e-18	12.566394852963105	12.566394852963105
95.9	2.364697278308906e-18	12.566394852963105	12.566394852963105
96.0	2.158749099611867e-18	12.566394852963105	12.566394852963105
96.1	1.8851546711413323e-18	12.566394852963105	12.566394852963105
96.2	1.5669726011108675e-18	12.566394852963105	12.566394852963105
96.3	1.2295919251866399e-18	12.566394852963105	12.566394852963105
96.4	8.984998767904844e-19	12.566394852963105	12.566394852963105
96.5	5.971705806452721e-19	12.566394852963105	12.566394852963105
96.6	3.4525452747397096e-19	12.566394852963105	12.566394852963105
96.7	1.5721030059760105e-19	12.566394852963105	12.566394852963105
96.8	4.146953115548873e-20	12.566394852963105	12.566394852963105
96.9	1.6971460873540845e-22	12.566394852963105	12.566394852963105
97.0	2.9433950754634295e-20	12.566394852963105	12.566394852963105
97.1	1.2012793973422997e-19	12.566394852963105	12.566394852963105
97.2	2.589874004814193e-19	12.566394852963105	12.566394852963105
97.3	4.2998632566940295e-19	12.566394852963105	12.566394852963105
97.4	6.158089253121619e-19	12.566394852963105	12.566394852963105
97.5	7.992945777646723e-19	12.566394852963105	12.566394852963105
97.6	9.647429126259833e-19	12.566394852963105	12.566394852963105
97.7	1.0989916672299835e-18	12.566394852963105	12.566394852963105
97.8	1.192209267225226e-18	12.566394852963105	12.566394852963105
97.9	1.2383735606750342e-18	12.566394852963105	12.566394852963105
98.0	1.2354349071141664e-18	12.566394852963105	12.566394852963105
98.1	1.185184004794883e-18	12.566394852963105	12.566394852963105
98.2	1.0928615831669154e-18	12.566394852963105	12.566394852963105
98.3	9.665584430735296e-19	12.566394852963105	12.566394852963105
98.4	8.164609779332784e-19	12.566394852963105	12.566394852963105
98.5	6.540002544501692e-19	12.566394852963105	12.566394852963105
98.6	4.909629772334538e-19	12.566394852963105	12.566394852963105
98.7	3.386209774343622e-19	12.566394852963105	12.566394852963105
98.8	2.0693264253831181e-19	12.566394852963105	12.566394852963105
98.9	1.0386493406785648e-19	12.566394852963105	12.566394852963105
99.0	3.487800736335887e-20	12.566394852963105	12.566394852963105
99.1	2.6055163180453718e-21	12.566394852963105	12.566394852963105
99.2	6.752129431369737e-21	12.566394852963105	12.566394852963105
99.3	4.421561264992451e-20	12.566394852963105	12.566394852963105
99.4	1.0942456723238692e-19	12.566394852963105	12.566394852963105
99.5	1.9486564219279105e-19	12.566394852963105	12.566394852963105
99.6	2.917573845695278e-19	12.566394852963105	12.566394852963105
99.7	3.9081378920935755e-19	12.566394852963105	12.566394852963105
99.8	4.830310353218737e-19	12.566394852963105	12.566394852963105
99.9	5.604274963584217e-19	12.566394852963105	12.566394852963105
100.0	6.166708612111807e-19	12.566394852963105	12.566394852963105
