# dt=0.1 eps=0.5 size_x=64 size_v=128
# x : from 0.0 to 12.566370614359172
# v : from -6.0 to 6.0
# interpolation : Lagrange{BigFloat, true} order=21
#time	el-energy	kinetic-energy	global-energy
0.0	6.283185281716098	12.566369650622143	18.84955493233824
0.1	6.2049396566987705	12.644860388567682	18.849800045266452
0.2	5.974480481554413	12.876039154495718	18.85051963605013
0.3	5.604352263046686	13.247315654394713	18.8516679174414
0.4	5.1145287424985275	13.738644356909585	18.853173099408114
0.5	4.531104368159816	14.323838842036896	18.854943210196712
0.6	3.884625783660334	14.97224694516057	18.856872728820903
0.7	3.2081870186484696	15.650662199251311	18.85884921789978
0.8	2.535408351151876	16.325351164073048	18.860759515224924
0.9	1.8984070253819727	16.964088437779047	18.862495463161018
1.0	1.3258576887272786	17.538101811772048	18.863959500499327
1.1	0.8412393025028396	18.02383127971262	18.86507058221546
1.2	0.4613762988111415	18.40439436945884	18.86577066826998
1.3	0.19539944092806896	18.670631892968284	18.866031333896352
1.4	0.04426049666090438	18.821598589216453	18.865859085877357
1.5	0.0009129743206827115	18.864384327129976	18.86529730145066
1.6	0.05120418575471658	18.813218820243062	18.86442300599778
1.7	0.1754180801134748	18.687920044250216	18.86333812436369
1.8	0.35029379130007454	18.51186293609618	18.862156727396254
1.9	0.5512618061566199	18.30972931003139	18.86099111618801
2.0	0.7546163866810658	18.105323312818545	18.85993969949961
2.1	0.9393819919626256	17.919696663411813	18.85907865537444
2.2	1.0887123764720446	17.769745602858446	18.858457979330492
2.3	1.190753883709068	17.66734748104477	18.85810136475384
2.4	1.2389841575629963	17.619024597846906	18.8580087554099
2.5	1.2320909924975214	17.626069335056783	18.858160327554305
2.6	1.1734818568399699	17.685039046529706	18.858520903369676
2.7	1.0705186048007533	17.78852556956732	18.859044174368073
2.8	0.9335628662834139	17.926113635568278	18.85967650185169
2.9	0.7749045505798642	18.085455843033724	18.86036039361359
3.0	0.6076363627014214	18.253401603820357	18.861037966521778
3.1	0.44453584754343506	18.417118865452068	18.861654712995502
3.2	0.29702327455921484	18.565140373242713	18.86216364780193
3.3	0.17427316067495924	18.688256326502714	18.862529487177675
3.4	0.08255996735481819	18.780172144091033	18.86273211144585
3.5	0.02490561932325652	18.837862813430895	18.86276843275415
3.6	0.001064950104640733	18.86158710259321	18.86265205269785
3.7	0.007840390645978086	18.85457025878498	18.86241064943096
3.8	0.03967089082908373	18.82241073085148	18.862081621680563
3.9	0.08940470518109359	18.772302184441795	18.861706889622887
4.0	0.1491492394376442	18.71217856552964	18.861327804967285
4.1	0.21109473131614967	18.64988617883486	18.860980910151007
4.2	0.2682274911154147	18.592467460234303	18.860694951349718
4.3	0.3148754593720858	18.545613770532302	18.86048922990439
4.4	0.3470570284961329	18.51331612656975	18.860373155065883
4.5	0.362628715364055	18.49771804263445	18.860346757998503
4.6	0.361246313023345	18.499155605063326	18.86040191808667
4.7	0.3441676317515485	18.51635645967796	18.86052409142951
4.8	0.31393393768429817	18.54676043345794	18.860694371142237
4.9	0.27397276617492533	18.586918953847576	18.8608917200225
5.0	0.22816729849706652	18.63292789818428	18.861095196681347
5.1	0.18043659401479242	18.680849376768833	18.861285970783626
5.2	0.1343661259839011	18.727082798835415	18.861448924819317
5.3	0.09291927505634981	18.76865441282314	18.86157368787949
5.4	0.0582486485270353	18.803406385165495	18.86165503369253
5.5	0.03161308951446727	18.830079583694868	18.861692673209337
5.6	0.013394032817710316	18.848296519283117	18.86169055210083
5.7	0.003195087181524214	18.858460722318778	18.861655809500302
5.8	2.2848255225557673e-6	18.861595281160145	18.86159756598567
5.9	0.002379515540225535	18.859146180013404	18.86152569555363
6.0	0.008673908853837911	18.852775800564437	18.861449709418274
6.1	0.017208725668083017	18.844169121749538	18.86137784741762
6.2	0.026445968521481452	18.834870471601235	18.861316440122717
6.3	0.035106728812611704	18.826162843827593	18.861269572640204
6.4	0.04224360219749684	18.818995446489062	18.86123904868656
6.5	0.04726566629227452	18.813958954130825	18.8612246204231
6.6	0.04992186371740403	18.811302554827165	18.86122441854457
6.7	0.050252549229504125	18.81098294556784	18.861235494797345
6.8	0.048521005434126754	18.812733377480853	18.86125438291498
6.9	0.04513680870597653	18.81614078835723	18.861277597063207
7.0	0.04058133971485687	18.82072067520229	18.861302014917147
7.1	0.03534309462164002	18.825982030655098	18.86132512527674
7.2	0.029867469245542073	18.83147767792914	18.86134514717468
7.3	0.02452293356994083	18.836838109417716	18.861361042987657
7.4	0.01958330770515886	18.841789144831548	18.861372452536706
7.5	0.015224268652182809	18.84615530437044	18.861379573022624
7.6	0.011531190875655066	18.84985181509887	18.861383005974524
7.7	0.00851485272633661	18.852868737609963	18.8613835903363
7.8	0.006131365250407858	18.85525087546193	18.861382240712338
7.9	0.004302888727642493	18.857076921046055	18.861379809773698
8.0	0.0029362917443096262	18.858440699510034	18.861376991254343
8.1	0.00193782295030272	18.859436450199983	18.861374273150286
8.2	0.0012229630109485577	18.86014897724269	18.86137194025364
8.3	0.0007216822607912002	18.860648431785442	18.861370114046235
8.4	0.00038011411771091363	18.860988696291034	18.861368810408745
8.5	0.00016000765844523544	18.861207986918586	18.86136799457703
8.6	3.722756789658228e-5	18.861330390799967	18.861367618367865
8.7	1.504162162914507e-7	18.861367483628335	18.86136763404455
8.8	4.8267858814141964e-5	18.861319720398132	18.861367988256948
8.9	0.00019084833115872726	18.861177756844288	18.861368605175446
9.0	0.0004452539534322583	18.860924115323723	18.861369369277156
9.1	0.000834488129144971	18.860535627990636	18.86137011611978
9.2	0.0013837153860338605	18.859986920275364	18.861370635661398
9.3	0.0021157654800626068	18.85925492342133	18.861370688901392
9.4	0.0030459257076754054	18.85832411006196	18.861370035769635
9.5	0.0041765766467962385	18.85719189380333	18.861368470450124
9.6	0.005492399386712432	18.855873459954307	18.86136585934102
9.7	0.006956955170315789	18.854405221001965	18.861362176172282
9.8	0.008511396119795985	18.85284613216179	18.861357528281587
9.9	0.01007589650056331	18.851276271632152	18.861352168132715
10.0	0.011554096874055307	18.84979238844562	18.861346485319675
10.1	0.012840451285732406	18.848500525513444	18.861340976799177
10.2	0.013829914521931998	18.847506282520953	18.861336197042885
10.3	0.01442898265774255	18.846903711359165	18.86133269401691
10.4	0.014566792513957571	18.846764147068882	18.86133093958284
10.5	0.014204859803475845	18.847126404849114	18.861331264652588
10.6	0.013344120924635442	18.847989687907248	18.861333808831883
10.7	0.012028226181749068	18.849310265100012	18.86133849128176
10.8	0.010342462202461062	18.85100254497607	18.86134500717853
10.9	0.008408196260445767	18.852944653477685	18.861352849738132
11.0	0.006373262650387558	18.854988093578147	18.861361356228535
11.1	0.0043991901851399215	18.856970583968682	18.86136977415382
11.2	0.002646555821821436	18.858730780731534	18.861377336553357
11.3	0.0012599880472882255	18.860123352404823	18.86138334045211
11.4	0.0003544145355994517	18.86103281079152	18.86138722532712
11.5	4.045441291923229e-6	18.86138458702793	18.86138863246922
11.6	0.00023530045032167337	18.861152134524307	18.861387434974628
11.7	0.0010244139287762248	18.860359348682938	18.861383762611712
11.8	0.0022999719866114133	18.859078006747648	18.86137797873426
11.9	0.003950047168204752	18.857420580780506	18.86137062794871
12.0	0.005833036217637739	18.855529367511444	18.861362403729082
12.1	0.00779107279208887	18.853562966793984	18.86135403958607
12.2	0.009664445810136205	18.85168181581102	18.861346261621154
12.3	0.011305597664978684	18.85003411415148	18.86133971181646
12.4	0.01259136035525129	18.848743511781286	18.86133487213654
12.5	0.01343218113237798	18.847899894818617	18.861332075950994
12.6	0.013777921154587716	18.84755349207104	18.861331413225628
12.7	0.01361949028598364	18.84771333810816	18.861332828394143
12.8	0.01298697921907527	18.848349076398577	18.861336055617652
12.9	0.011944185034595703	18.849396535959876	18.861340720994473
13.0	0.010580971260369158	18.85076536000032	18.86134633126069
13.1	0.009003630352059762	18.852348799211416	18.861352429563475
13.2	0.007325324685161082	18.85403312263643	18.861358447321592
13.3	0.005656233882241508	18.855707789446818	18.86136402332906
13.4	0.0040956792483261405	18.857273092383277	18.861368771631604
13.5	0.002725702301335738	18.858646719333326	18.861372421634663
13.6	0.0016066744678473954	18.859768274677883	18.86137494914573
13.7	0.0007761160379804713	18.860600068011646	18.861376184049625
13.8	0.00024806474220318546	18.861128305482286	18.861376370224487
13.9	1.6164716355350083e-5	18.861359355577978	18.861375520294335
14.0	5.62989227895239e-5	18.861317618837695	18.861373917760485
14.1	0.00033121628744898064	18.861040531885816	18.861371748173266
14.2	0.0007950157937017905	18.860574240586025	18.861369256379728
14.3	0.0013973929126196857	18.859969192134603	18.86136658504722
14.4	0.002087363865659116	18.85927667605892	18.861364039924577
14.5	0.0028170481932241766	18.858544515372905	18.86136156356613
14.6	0.0035427765155457295	18.85781667628064	18.861359452796183
14.7	0.004227983916912261	18.857129649227087	18.861357633144
14.8	0.004842664833844242	18.8565134792996	18.861356144133445
14.9	0.005364196647510164	18.85599091884485	18.86135511549236
15.0	0.00577675152052949	18.855577504794514	18.861354256315042
15.1	0.00606998251706988	18.855283976456736	18.861353958973805
15.2	0.006239912282489702	18.85511369764027	18.86135360992276
15.3	0.006284377982259162	18.85506950011614	18.8613538780984
15.4	0.006207931477931609	18.85514611264389	18.86135404412182
15.5	0.006014757877304104	18.855339796590503	18.861354554467805
15.6	0.0057129447090598215	18.85564240107926	18.86135534578832
15.7	0.005314272740479509	18.85604177959045	18.86135605233093
15.8	0.004829403296371543	18.85652778056633	18.861357183862705
15.9	0.00427495391660893	18.857083516890427	18.861358470807037
16.0	0.003669851855657359	18.85768981706681	18.861359668922468
16.1	0.0030329861009231853	18.858328426823764	18.861361412924687
16.2	0.0023909621862934134	18.858972018753146	18.86136298093944
16.3	0.0017698855202214721	18.859594809799898	18.86136469532012
16.4	0.0011980358939849844	18.860168438600695	18.86136647449468
16.5	0.0007066006859440989	18.860661611184202	18.861368211870147
16.6	0.00032614494944506586	18.86104338327725	18.861369528226692
16.7	8.230930988698408e-5	18.861288590300074	18.861370899609962
16.8	1.5029760352082543e-6	18.861370269827912	18.86137177280395
16.9	0.00010187486588064124	18.861269949073385	18.861371823939265
17.0	0.00038995814751264607	18.860982007748273	18.861371965895785
17.1	0.0008703185538993085	18.860500547585612	18.861370866139513
17.2	0.0015291362075558115	18.85984020662428	18.861369342831836
17.3	0.0023424802598001624	18.859024832351377	18.861367312611176
17.4	0.003277432879861414	18.858087189655844	18.861364622535707
17.5	0.004288721630237734	18.857072702831847	18.861361424462086
17.6	0.005319839803327006	18.85603809570365	18.861357935506977
17.7	0.0063117668546627745	18.85504344536706	18.86135521222172
17.8	0.007210715016843038	18.8541402777921	18.861350992808944
17.9	0.007945121480843064	18.85340369153355	18.861348813014395
18.0	0.008472397658966468	18.852874798371147	18.861347196030113
18.1	0.008758815656384814	18.852585731704636	18.86134454736102
18.2	0.008760657979418652	18.852584554947203	18.861345212926622
18.3	0.00848441232266694	18.852861883678084	18.86134629600075
18.4	0.007947353084729191	18.853399395935767	18.8613467490205
18.5	0.007161109412067437	18.85418905906693	18.861350168478996
18.6	0.006184502475863918	18.85516971649248	18.861354218968344
18.7	0.005090666576885755	18.856266643305997	18.861357309882884
18.8	0.003938726476880967	18.85742288613447	18.86136161261135
18.9	0.002807618285524074	18.85855905977959	18.861366678065114
19.0	0.0017895856036841125	18.859580696918986	18.86137028252267
19.1	0.0009535832071166844	18.860419635386844	18.86137321859396
19.2	0.0003545907761163806	18.86102132852876	18.861375919304876
19.3	4.32613846020569e-5	18.86133439655706	18.86137765794166
19.4	5.3697285813398716e-5	18.861324117303965	18.86137781458978
19.5	0.0003881686231537869	18.860987882366096	18.86137605098925
19.6	0.0010196830879573744	18.860355344658796	18.861375027746753
19.7	0.0019284336265710119	18.859443725005736	18.861372158632307
19.8	0.003059448330355242	18.858306944870414	18.86136639320077
19.9	0.0043176379157433805	18.857046476927074	18.861364114842818
20.0	0.0056561463789227134	18.85570369606322	18.86135984244214
20.1	0.006993341848310514	18.854358692446525	18.861352034294836
20.2	0.008200932237475698	18.85314987401272	18.861350806250194
20.3	0.009249489931193077	18.852099053685173	18.861348543616366
20.4	0.010092737587824328	18.85124854279325	18.861341280381076
20.5	0.010612767627970858	18.850728816010214	18.861341583638186
20.6	0.01081058592031101	18.85053363776926	18.86134422368957
20.7	0.01072766262869934	18.85061314633167	18.86134080896037
20.8	0.010311342318074753	18.85102991490254	18.861341257220616
20.9	0.009569411590552912	18.85177808655969	18.861347498150245
21.0	0.008608909648983606	18.852741435846674	18.86135034549566
21.1	0.007484076294059253	18.853867183068747	18.861351259362806
21.2	0.006212569371124284	18.855143763161994	18.86135633253312
21.3	0.004882206541696488	18.85648059573247	18.86136280227417
21.4	0.003608583310878296	18.857757588951067	18.861366172261945
21.5	0.0024529951256771283	18.858915324125206	18.861368319250882
21.6	0.0014525507446710398	18.859919661824357	18.861372212569027
21.7	0.0006761543639263149	18.860700161520878	18.861376315884804
21.8	0.00019787623226749524	18.861179669241178	18.861377545473445
21.9	3.9796454215345874e-5	18.8613368626165	18.861376659070714
22.0	0.00018714562287949036	18.86118976981551	18.86137691543839
22.1	0.0006470071771052457	18.860730584175087	18.86137759135219
22.2	0.0014330086088155931	18.859941666225694	18.86137467483451
22.3	0.0024923944096001804	18.858876496882928	18.86136889129253
22.4	0.003727991622941093	18.857639094306613	18.861367085929555
22.5	0.005115099349217705	18.856251769927496	18.861366869276715
22.6	0.006643447955631098	18.854714240760476	18.861357688716108
22.7	0.008150910824821169	18.85319812125988	18.8613490320847
22.8	0.009497834491169718	18.851855245831928	18.8613530803231
22.9	0.01075326421029979	18.8505982561109	18.8613515203212
23.0	0.011879129161107813	18.849457170916107	18.861336300077216
23.1	0.012613742588958107	18.848720499329367	18.861334241918325
23.2	0.012925043436927557	18.848421017046444	18.86134606048337
23.3	0.013013128226931101	18.84832891353513	18.86134204176206
23.4	0.01280714492899144	18.84852293889551	18.8613300838245
23.5	0.012098213987266628	18.8492392246333	18.861337438620566
23.6	0.01100501457392682	18.85034499538985	18.861350009963775
23.7	0.00975155239571554	18.851597405977675	18.86134895837339
23.8	0.008331379167733983	18.853016900342006	18.86134827950974
23.9	0.006723269186744658	18.8546330760614	18.861356345248144
24.0	0.005062453086624226	18.85630224024244	18.86136469332906
24.1	0.003509092907807625	18.857861226513077	18.861370319420885
24.2	0.002169530719636112	18.85920450581627	18.861374036535906
24.3	0.0011096959301129304	18.860267425161418	18.86137712109153
24.4	0.00038667634243138503	18.860994374410524	18.861381050752954
24.5	7.903435502119634e-5	18.861306223408224	18.861385257763246
24.6	0.00027114116841329923	18.8611148758085	18.861386016976912
24.7	0.000979470995769665	18.86040225316751	18.86138172416328
24.8	0.002135362484859505	18.859243637534597	18.861379000019458
24.9	0.0036962045029820013	18.857681594434542	18.861377798937525
25.0	0.005645235599743159	18.85572655300897	18.861371788608714
25.1	0.00788435319044662	18.853478912741593	18.86136326593204
25.2	0.01026432458013449	18.851091369361672	18.861355693941807
25.3	0.0126442465503528	18.84870320215871	18.86134744870906
25.4	0.01488621968407188	18.846456132517208	18.86134235220128
25.5	0.016906499260447128	18.84443159854001	18.861338097800456
25.6	0.0186195561316992	18.84270745547033	18.86132701160203
25.7	0.019816803304846583	18.841500517164814	18.86131732046966
25.8	0.02033067460947553	18.84099200329552	18.861322677904994
25.9	0.02026476866206426	18.841066023637445	18.86133079229951
26.0	0.019755662337826954	18.841567151937415	18.86132281427524
26.1	0.01865158495087334	18.842664164801064	18.861315749751938
26.2	0.016824477773478966	18.844506304064296	18.861330781837776
26.3	0.01454039709853301	18.84680817667906	18.86134857377759
26.4	0.0121276062250394	18.849223304320432	18.86135091054547
26.5	0.009639690984639078	18.85171297425641	18.86135266524105
26.6	0.007098406343807008	18.854265790040643	18.86136419638445
26.7	0.0047020494310909	18.8566743942902	18.86137644372129
26.8	0.0026819802963472493	18.858702076468315	18.861384056764663
26.9	0.0011925275384370305	18.860198352913223	18.86139088045166
27.0	0.0003698620613825368	18.861027468959236	18.86139733102062
27.1	0.00032649216516167113	18.861068323033866	18.861394815199027
27.2	0.0010090342802653346	18.860377569367763	18.86138660364803
27.3	0.0022852699691737186	18.859104301580267	18.86138957154944
27.4	0.004226543488822594	18.857168227712418	18.86139477120124
27.5	0.006930548446738498	18.854449941237302	18.86138048968404
27.6	0.010152755432055367	18.851208584426214	18.86136133985827
27.7	0.013552901792560626	18.84780288245127	18.86135578424383
27.8	0.01701879887034396	18.84433005429776	18.861348853168103
27.9	0.02043491071538787	18.840899457129648	18.861334367845036
28.0	0.023570946305901865	18.83775712251225	18.861328068818153
28.1	0.02631888346554967	18.835004587684125	18.861323471149674
28.2	0.028577594927396116	18.83272812653933	18.861305721466724
28.3	0.030012680321884023	18.83127803638595	18.861290716707835
28.4	0.03035188384400448	18.83094663949645	18.861298523340455
28.5	0.029747345653262005	18.831567614914277	18.86131496056754
28.6	0.02851682824003389	18.832800528130928	18.86131735637096
28.7	0.026700476225789804	18.834607665991758	18.86130814221755
28.8	0.02409946650769042	18.837208211756725	18.861307678264414
28.9	0.020674523074495334	18.84065024350244	18.861324766576935
29.0	0.01674013719412042	18.84460971778999	18.86134985498411
29.1	0.012781908240274609	18.84858740443882	18.861369312679095
29.2	0.009171162028394119	18.852205879745053	18.861377041773448
29.3	0.006038521050293105	18.855340862034804	18.861379383085097
29.4	0.0034151694038467365	18.857974024258347	18.861389193662195
29.5	0.0014776745852250989	18.859926418940002	18.861404093525227
29.6	0.0005015785821568206	18.860907953864835	18.86140953244699
29.7	0.00060700358516635	18.860801299240848	18.861408302826014
29.8	0.0017973191419803334	18.8596130804902	18.86141039963218
29.9	0.004120495088375224	18.85728671715779	18.861407212246167
30.0	0.007523935538260427	18.853867385029442	18.8613913205677
30.1	0.011734007549459047	18.84964239890419	18.86137640645365
30.2	0.016504448173308477	18.84486676588101	18.86137121405432
30.3	0.021749753151714804	18.839607737612617	18.86135749076433
30.4	0.027244095823312376	18.834090595299184	18.861334691122497
30.5	0.03260321225939304	18.828716934124262	18.861320146383655
30.6	0.03756473291204578	18.823743108899784	18.86130784181183
30.7	0.041915397253990905	18.81937663935444	18.861292036608432
30.8	0.045383354830190625	18.815895149607293	18.861278504437482
30.9	0.04769115059574241	18.8135702936826	18.86126144427834
31.0	0.048516867422346156	18.81273816964262	18.861255037064968
31.1	0.04775879470861816	18.813511597734003	18.86127039244262
31.2	0.04568917567868276	18.815591433586555	18.861280609265236
31.3	0.04248885403721009	18.818788995635828	18.861277849673037
31.4	0.03810557800139669	18.823182662991588	18.861288240992984
31.5	0.03270642997287669	18.82860694519822	18.861313375171097
31.6	0.026709204244124943	18.8346192694628	18.861328473706923
31.7	0.02040429647363813	18.840944561102738	18.861348857576377
31.8	0.014203431841019494	18.847186456239232	18.86138988808025
31.9	0.008867852232459101	18.852550004774574	18.861417857007034
32.0	0.004915152690147114	18.85650193323236	18.861417085922504
32.1	0.0023513427888429395	18.859070181355058	18.8614215241439
32.2	0.0012475002139043755	18.860189882414954	18.861437382628857
32.3	0.0018914411258866312	18.859549381303523	18.86144082242941
32.4	0.004369714738160889	18.857058482034287	18.861428196772447
32.5	0.008476719591790204	18.85293952634156	18.861416245933352
32.6	0.014032263634748444	18.847380547553524	18.861412811188274
32.7	0.02100444491674638	18.840393228881776	18.86139767379852
32.8	0.029152928655817357	18.832212665861046	18.861365594516865
32.9	0.03793913170356515	18.82339980502928	18.861338936732846
33.0	0.04689122147978722	18.81442483552907	18.861316057008857
33.1	0.055608780986623814	18.80567842506412	18.861287206050743
33.2	0.06360894538356539	18.797654891956437	18.86126383734
33.3	0.07049750029800128	18.790750230014254	18.861247730312254
33.4	0.07596906011565968	18.785251244680072	18.861220304795733
33.5	0.07949111733282509	18.78169656972274	18.861187687055565
33.6	0.08043577960717296	18.780743138620085	18.861178918227257
33.7	0.0786170580210702	18.782579097611606	18.861196155632676
33.8	0.07433641768186448	18.786877211326445	18.861213629008308
33.9	0.0679165356241485	18.793310949195888	18.861227484820038
34.0	0.059618642000970556	18.80163747026091	18.86125611226188
34.1	0.049946907099073595	18.811347977721184	18.861294884820257
34.2	0.03961668937377674	18.821718895948717	18.861335585322493
34.3	0.029390469760971753	18.83198490959084	18.861375379351813
34.4	0.02002097461154352	18.841393392198466	18.86141436681001
34.5	0.012243094978111024	18.849204682517588	18.861447777495698
34.6	0.006685085408505231	18.85478384664987	18.861468932058376
34.7	0.0037387354874293638	18.857737548502822	18.86147628399025
34.8	0.003541482488688334	18.85793497773383	18.86147646022252
34.9	0.006094773412581907	18.85537496095528	18.861469734367862
35.0	0.011268217607680247	18.850181841656063	18.861450059263742
35.1	0.018722888708919787	18.84270477060929	18.86142765931821
35.2	0.028091886562527056	18.833317364483793	18.86140925104632
35.3	0.03907533682360547	18.822305764241257	18.86138110106486
35.4	0.0512488277645845	18.810104000835242	18.861352828599827
35.5	0.06418160155564004	18.79714406081288	18.861325662368518
35.6	0.07744184474286665	18.78384668201597	18.861288526758837
35.7	0.0904592584494489	18.770798159834825	18.861257418284275
35.8	0.10268989035624593	18.758525334830413	18.86121522518666
35.9	0.11338273922615373	18.74778457678675	18.861167316012903
36.0	0.12165937152246736	18.739472753233027	18.861132124755496
36.1	0.12677857257689318	18.73431247632548	18.861091048902374
36.2	0.12790770195546972	18.733154295386516	18.861061997341984
36.3	0.12445725545928303	18.736614917461402	18.861072172920686
36.4	0.11651947288488232	18.744577839503194	18.861097312388075
36.5	0.10457965056775062	18.75656855999774	18.86114821056549
36.6	0.08960541730147316	18.771613192055874	18.861218609357348
36.7	0.0729019485413747	18.788380453059357	18.861282401600732
36.8	0.05575196330020939	18.805611688121946	18.861363651422156
36.9	0.03969814991988251	18.821744727932046	18.86144287785193
37.0	0.02627753357631335	18.83522522945741	18.861502763033723
37.1	0.01664274862854332	18.844893915161776	18.86153666379032
37.2	0.011397736758495787	18.850141648010577	18.861539384769074
37.3	0.010541267879773025	18.850982272912805	18.86152354079258
37.4	0.013690650220751008	18.84780482803778	18.861495478258533
37.5	0.020250001912367168	18.841210628099912	18.861460630012278
37.6	0.029525645135735773	18.831897765390202	18.861423410525937
37.7	0.040807401866356216	18.820575737835245	18.8613831397016
37.8	0.05335276426426063	18.807988460477805	18.861341224742066
37.9	0.06649512116727417	18.79483291277772	18.861328033944996
38.0	0.08019135698269114	18.78115338218885	18.861344739171543
38.1	0.09494101143845181	18.76639295573432	18.861333967172772
38.2	0.11081826683998404	18.75048748369271	18.861305750532694
38.3	0.12750780853244723	18.733764378673	18.861272187205447
38.4	0.14437702297805838	18.71680588784772	18.86118291082578
38.5	0.15973618677386692	18.701343321020243	18.86107950779411
38.6	0.17164850132157214	18.689388994941098	18.86103749626267
38.7	0.17905283420266446	18.681912062512424	18.86096489671509
38.8	0.18040002866601926	18.680482724234636	18.860882752900654
38.9	0.1741907462862358	18.686736245775577	18.860926992061813
39.0	0.16093577325959574	18.700039212515176	18.86097498577477
39.1	0.14172672004057218	18.7193511323729	18.861077852413473
39.2	0.11855319791146475	18.742654748887226	18.86120794679869
39.3	0.093920261443284	18.76738972591828	18.861309987361565
39.4	0.06987975025802663	18.79153313475902	18.86141288501705
39.5	0.04840510717876733	18.81310562488875	18.861510732067515
39.6	0.031323877432121526	18.830247502172387	18.86157137960451
39.7	0.019720968683655454	18.841864254612886	18.86158522329654
39.8	0.01381606344186858	18.8477750715209	18.86159113496277
39.9	0.013594798041832674	18.847983365320932	18.861578163362765
40.0	0.01870109982104847	18.842831764216182	18.86153286403723
40.1	0.02820180962443306	18.83327154773758	18.861473357362016
40.2	0.04091874530597983	18.820501756975904	18.861420502281884
40.3	0.05580941372287858	18.80555587283792	18.8613652865608
40.4	0.07180084533138431	18.789493347333092	18.861294192664477
40.5	0.08759961720500968	18.7736388600331	18.861238477238107
40.6	0.10223637373853368	18.758981230821842	18.861217604560377
40.7	0.11546160986193686	18.745754231653326	18.861215841515264
40.8	0.12740316395136678	18.73380117625501	18.861204340206378
40.9	0.13808691007742124	18.723110489535348	18.86119739961277
41.0	0.14749358637222745	18.71369004198262	18.861183628354848
41.1	0.1555714550416248	18.705603499160876	18.8611749542025
41.2	0.16199890336834363	18.69910341971031	18.86110232307865
41.3	0.16547457816236635	18.695569630140973	18.86104420830334
41.4	0.164489629401717	18.696484327104336	18.860973956506054
41.5	0.15778672272933375	18.703222329269394	18.861009051998728
41.6	0.14563462525806367	18.71540016242657	18.861034787684634
41.7	0.12864471613217102	18.732457310814056	18.861102026946227
41.8	0.10801484337028197	18.75318834575399	18.86120318912427
41.9	0.08571291827349911	18.775598012610534	18.861310930884034
42.0	0.06371821166359803	18.797659452067176	18.861377663730774
42.1	0.04340753313466487	18.818059845365745	18.86146737850041
42.2	0.026315891807217367	18.835201101587696	18.861516993394915
42.3	0.01335513973435103	18.848187499382732	18.861542639117083
42.4	0.004929558302745201	18.85663241067508	18.861561968977824
42.5	0.0012894624112481986	18.86027168054222	18.861561142953466
42.6	0.0023564418804903134	18.85918734272668	18.86154378460717
42.7	0.007735205077564258	18.853775558665046	18.86151076374261
42.8	0.016745007847288995	18.844719185773215	18.861464193620503
42.9	0.02846886615931035	18.83294275119882	18.861411617358133
43.0	0.041894732316363155	18.819465148256455	18.861359880572817
43.1	0.056073873634595484	18.805243085178574	18.86131695881317
43.2	0.0702203726596748	18.791050019614385	18.86127039227406
43.3	0.08348984285833436	18.77772859180064	18.861218434658973
43.4	0.09498017747998495	18.766206633994035	18.86118681147402
43.5	0.10413335752213684	18.757032765549138	18.861166123071275
43.6	0.110573647122671	18.750562217258636	18.861135864381307
43.7	0.11379234548008485	18.747332887315043	18.86112523279513
43.8	0.11361945706478391	18.747519557790564	18.861139014855347
43.9	0.11026565795305214	18.75087530133221	18.861140959285265
44.0	0.10380329140180325	18.757357242575736	18.86116053397754
44.1	0.09464660022760073	18.76657291533709	18.86121951556469
44.2	0.08381090467122307	18.7774369975877	18.861247902258924
44.3	0.07180886414650153	18.78945207876699	18.86126094291349
44.4	0.05892204225274067	18.802402835031998	18.861324877284737
44.5	0.046244439748856045	18.815138077700485	18.861382517449343
44.6	0.034832866038670945	18.82657303394929	18.86140589998796
44.7	0.025093095657886588	18.836327023236645	18.861420118894532
44.8	0.017273654249478094	18.84418517369001	18.86145882793949
44.9	0.012001416206802635	18.849472984883946	18.86147440109075
45.0	0.00948287667304431	18.85196265597944	18.861445532652485
45.1	0.009131687068698576	18.85229304791037	18.861424734979067
45.2	0.010448719797983386	18.850968484713178	18.861417204511163
45.3	0.013269148472555118	18.848149894331605	18.86141904280416
45.4	0.01765703508623966	18.84375813487502	18.861415169961262
45.5	0.0235347341464878	18.837848598285852	18.86138333243234
45.6	0.030359734692369755	18.83099668760798	18.861356422300346
45.7	0.03765187625996044	18.823693662079915	18.861345538339876
45.8	0.04523182976374833	18.81609638154696	18.861328211310706
45.9	0.0528178607054428	18.8084816934811	18.86129955418654
46.0	0.05995440251870388	18.801329305274447	18.86128370779315
46.1	0.06636700020481737	18.79490440734794	18.861271407552756
46.2	0.07188533269428934	18.78937251726549	18.86125784995978
46.3	0.07624412582302954	18.78498158422133	18.861225710044362
46.4	0.07874236483486394	18.782428477906574	18.861170842741437
46.5	0.07826086228561861	18.782881791876445	18.861142654162062
46.6	0.07419630744709053	18.786975210692237	18.861171518139326
46.7	0.06711904352847789	18.794120108457	18.86123915198548
46.8	0.05833712549101291	18.802949559178284	18.861286684669295
46.9	0.04882845820786422	18.81248292313095	18.861311381338815
47.0	0.038989820142812694	18.822327063001595	18.861316883144408
47.1	0.02893310531106056	18.83242473722522	18.861357842536282
47.2	0.019392406917126324	18.842030348515646	18.861422755432773
47.3	0.011663053480328991	18.849820669996568	18.861483723476898
47.4	0.006997033639126637	18.8545215315098	18.861518565148927
47.5	0.0060266815067092725	18.855465698069292	18.861492379576003
47.6	0.008189516397407242	18.853242478453986	18.861431994851394
47.7	0.012134441449821388	18.849228449377307	18.861362890827127
47.8	0.016423935074798	18.844909036122225	18.861332971197022
47.9	0.020404009025223498	18.84093546368007	18.861339472705293
48.0	0.02427760670186678	18.837090571455164	18.86136817815703
48.1	0.028665605638030132	18.832704871421186	18.861370477059214
48.2	0.03364413672535455	18.8276809092048	18.861325045930155
48.3	0.03834381277061536	18.822933167088	18.861276979858616
48.4	0.041833146230251826	18.81943981464059	18.861272960870842
48.5	0.04404364073753122	18.817259067032	18.861302707769532
48.6	0.04565356157365282	18.815684855660834	18.861338417234485
48.7	0.047442076755341706	18.813897792141148	18.86133986889649
48.8	0.04942883188548579	18.811867697256034	18.86129652914152
48.9	0.05081294971394064	18.810453944364827	18.861266894078767
49.0	0.05081757699100187	18.81041627621183	18.86123385320283
49.1	0.04885830129306383	18.81239311748517	18.86125141877823
49.2	0.045117719088695926	18.81614782596379	18.861265545052486
49.3	0.04005140081679948	18.82126946588776	18.86132086670456
49.4	0.034634406514846776	18.826704617410794	18.86133902392564
49.5	0.029255962752784002	18.83207577865658	18.861331741409366
49.6	0.023767414932655852	18.837573790865285	18.86134120579794
49.7	0.018225230867565327	18.84312520957836	18.861350440445925
49.8	0.012865167370452553	18.848526272797233	18.861391440167687
49.9	0.00842394078567558	18.852997012843726	18.861420953629402
50.0	0.00553965007124291	18.855897471325594	18.861437121396836
50.1	0.004536599296569724	18.85690339684543	18.861439996142
50.2	0.005520049214741535	18.855924895890375	18.861444945105116
50.3	0.008562915312343235	18.85287044894041	18.861433364252754
50.4	0.013456846549333119	18.847950122261075	18.861406968810407
50.5	0.01966338413607249	18.841706559325406	18.86136994346148
50.6	0.026452387687388657	18.83488663591443	18.86133902360182
50.7	0.03323028241075032	18.828092980549012	18.86132326295976
50.8	0.03968716909493299	18.82162234861296	18.86130951770789
50.9	0.045596793973276206	18.815698306835323	18.861295100808597
51.0	0.05066756811363544	18.81060242408999	18.861269992203624
51.1	0.0544159955735099	18.806833523806457	18.861249519379967
51.2	0.05640325532623795	18.804836725032487	18.861239980358725
51.3	0.05643214108448996	18.804815742448664	18.861247883533153
51.4	0.05461296480578216	18.806646627840355	18.861259592646135
51.5	0.05116344006045078	18.81010802060573	18.861271460666178
51.6	0.046286940869758424	18.81500278319579	18.86128972406555
51.7	0.040352389926399945	18.820973106488328	18.86132549641473
51.8	0.03396629701403614	18.827374628461808	18.861340925475844
51.9	0.0274587965969099	18.833898601187663	18.861357397784573
52.0	0.021095026413995535	18.840279359525766	18.86137438593976
52.1	0.015200788101842368	18.846198327985135	18.86139911608698
52.2	0.010250552760730232	18.851169932548085	18.861420485308816
52.3	0.00666042183343502	18.85476576514291	18.861426186976345
52.4	0.004602443653243798	18.85683319955284	18.861435643206086
52.5	0.004318576439276264	18.857126092692432	18.861444669131707
52.6	0.006044643828679127	18.855392042085235	18.861436685913915
52.7	0.009765246473953708	18.851658785800616	18.86142403227457
52.8	0.015354859592980778	18.846052726160732	18.861407585753714
52.9	0.022589018250144362	18.838783694988727	18.86137271323887
53.0	0.030978293266827918	18.830369889344514	18.86134818261134
53.1	0.04013591006001952	18.82118158879589	18.86131749885591
53.2	0.04957067850585121	18.811700830691997	18.86127150919785
53.3	0.05847245373549792	18.802753897091804	18.8612263508273
53.4	0.06605495154099313	18.79515044478437	18.861205396325364
53.5	0.0719054335684524	18.789282120393576	18.86118755396203
53.6	0.07571332293102291	18.78546140900341	18.861174731934433
53.7	0.07719611718078787	18.783978374824603	18.86117449200539
53.8	0.07629366045226899	18.784893995685252	18.86118765613752
53.9	0.07306224249391662	18.78813173115863	18.861193973652544
54.0	0.06755935554035013	18.79368169663914	18.86124105217949
54.1	0.060337834668618834	18.800929870260244	18.861267704928864
54.2	0.05171479676843866	18.80959350769238	18.86130830446082
54.3	0.0421780924746572	18.819194763834997	18.861372856309654
54.4	0.03257584639411199	18.828836522716475	18.86141236911059
54.5	0.023398067358310133	18.83806669638926	18.86146476374757
54.6	0.015307710998401662	18.84621400506571	18.861521716064114
54.7	0.009011364775005835	18.852536467468234	18.86154783224324
54.8	0.004761522858210138	18.856823466551134	18.861584989409344
54.9	0.0029922187278019056	18.85863610722539	18.86162832595319
55.0	0.004236126016042646	18.85740022902144	18.861636355037483
55.1	0.008448816717991291	18.853177352976893	18.861626169694883
55.2	0.015253802968522535	18.846370352082232	18.861624155050755
55.3	0.024432724222219142	18.83718548511914	18.86161820934136
55.4	0.035738494914931015	18.825853648748936	18.861592143663866
55.5	0.04863089260419542	18.81293369519611	18.861564587800306
55.6	0.062485188098482955	18.799033826846923	18.861519014945404
55.7	0.07641866517486466	18.785045201071963	18.861463866246826
55.8	0.08947322759017927	18.77194940307354	18.861422630663718
55.9	0.10095190009391931	18.760414374880515	18.861366274974433
56.0	0.11009829784142079	18.751216575698827	18.86131487354025
56.1	0.11626507930892817	18.744990823590022	18.86125590289895
56.2	0.11885352278733878	18.742355844001946	18.861209366789286
56.3	0.11759262159673209	18.743586880983013	18.861179502579745
56.4	0.11262005148566782	18.748537130331755	18.861157181817422
56.5	0.10435782722774857	18.75679566953156	18.861153496759307
56.6	0.09347864773603373	18.767652657148755	18.86113130488479
56.7	0.08041975977799636	18.78070746869385	18.861127228471847
56.8	0.06587823836561814	18.79527243536218	18.861150673727796
56.9	0.051002384108254833	18.810170474622215	18.86117285873047
57.0	0.03687512372277696	18.824317073982712	18.86119219770549
57.1	0.024372814657543287	18.836830559099777	18.86120337375732
57.2	0.014106112611929558	18.84711240612313	18.86121851873506
57.3	0.006712519767017252	18.854542442407414	18.86125496217443
57.4	0.0030509320142416405	18.858217821225256	18.861268753239496
57.5	0.0035610340754546896	18.85770863188428	18.861269665959732
57.6	0.008247819628477409	18.853007275968483	18.86125509559696
57.7	0.016787266020817808	18.844467377003593	18.86125464302441
57.8	0.028958879953194294	18.83229896377972	18.861257843732915
57.9	0.04439056816373718	18.816843167252905	18.861233735416643
58.0	0.062078779973691954	18.79914328903983	18.86122206901352
58.1	0.08089008249246644	18.780324276669646	18.861214359162112
58.2	0.09956717889481777	18.761650488791727	18.861217667686546
58.3	0.11682302477793202	18.74442324951496	18.861246274292892
58.4	0.1315430274066314	18.729737684450427	18.86128071185706
58.5	0.14263972803498468	18.718711923608886	18.861351651643872
58.6	0.14958277834856015	18.71186474126599	18.86144751961455
58.7	0.15225409022262198	18.709267220064987	18.86152131028761
58.8	0.1503265283929374	18.71128100766424	18.86160753605718
58.9	0.14380816885452752	18.717902268582577	18.861710437437104
59.0	0.13333519132655708	18.728490263885227	18.861825455211786
59.1	0.11999401221311902	18.741923958672604	18.861917970885724
59.2	0.10471763762805499	18.757271450586384	18.86198908821444
59.3	0.08817456869478547	18.77387787538497	18.862052444079755
59.4	0.07106702109584376	18.79106235798769	18.862129379083534
59.5	0.054440865178983874	18.80776512633923	18.862205991518213
59.6	0.039398282937044754	18.82286839132929	18.862266674266337
59.7	0.02674526367380139	18.835581903493583	18.862327167167386
59.8	0.017142491899641767	18.84524817606287	18.86239066796251
59.9	0.011267419152701632	18.85118626008219	18.862453679234893
60.0	0.009815852579994044	18.852664200681314	18.862480053261308
60.1	0.013093340956852061	18.84936779778515	18.862461138742002
60.2	0.021006486774468508	18.841394348086247	18.862400834860715
60.3	0.03318674734905542	18.82907793888776	18.862264686236816
60.4	0.04859721182609535	18.813467239217548	18.862064451043643
60.5	0.06593103660134626	18.795930765012685	18.86186180161403
60.6	0.08458050306175693	18.777044144639902	18.86162464770166
60.7	0.10402262672222694	18.75730043731054	18.861323064032767
60.8	0.12303775526410536	18.73794796734405	18.860985722608152
60.9	0.1400729979398897	18.720576585191964	18.860649583131853
61.0	0.1538173513818719	18.70650258167274	18.860319933054612
61.1	0.16332863535733558	18.69667885589958	18.860007491256916
61.2	0.16814540473250889	18.691582276058423	18.859727680790932
61.3	0.16836328453185043	18.69109982688635	18.8594631114182
61.4	0.16419080715783177	18.695032204091998	18.85922301124983
61.5	0.15595778930656404	18.703086693332303	18.85904448263887
61.6	0.1445655144971466	18.714341914681334	18.85890742917848
61.7	0.13099482284996872	18.727789999349056	18.858784822199024
61.8	0.11579290295655865	18.742910528489585	18.858703431446145
61.9	0.09946573615891466	18.759198772714306	18.858664508873222
62.0	0.08267983100564104	18.77599324829968	18.858673079305323
62.1	0.06631420399576203	18.792419242843575	18.858733446839338
62.2	0.051364845895161056	18.807482640740016	18.858847486635177
62.3	0.038684803686739315	18.820356355014155	18.859041158700894
62.4	0.028908901909389984	18.830434817076572	18.85934371898596
62.5	0.022467304116570108	18.837334394382463	18.859801698499034
62.6	0.019798284550641112	18.84066095976548	18.86045924431612
62.7	0.02145107581662405	18.83988426060646	18.861335336423085
62.8	0.02772405763760817	18.834730594096058	18.862454651733668
62.9	0.038526706931044756	18.825329174916092	18.863855881847137
63.0	0.053571952963529804	18.811945542179828	18.865517495143358
63.1	0.07198219521687821	18.79543557002171	18.86741776523859
63.2	0.09225594121016163	18.777299631756367	18.86955557296653
63.3	0.11280501583175173	18.75904965416814	18.87185466999989
63.4	0.13189829020963867	18.742356407022353	18.87425469723199
63.5	0.1479611880153174	18.72871747628379	18.876678664299106
63.6	0.15999391061114357	18.719035711939398	18.87902962255054
63.7	0.16758918038756587	18.71359544583375	18.881184626221316
63.8	0.1706746024425471	18.71235706125294	18.883031663695487
63.9	0.16917620448629572	18.715283456893733	18.884459661380028
64.0	0.16303923916077692	18.722397554922992	18.88543679408377
64.1	0.15300458778647397	18.73285961882406	18.885864206610535
64.2	0.14012828204118674	18.74556153801837	18.885689820059557
64.3	0.1252792074753251	18.759620530212064	18.88489973768739
64.4	0.10909236785555872	18.7744323281978	18.88352469605336
64.5	0.0922834780224586	18.789304293766786	18.881587771789246
64.6	0.07581964992939373	18.803314704789695	18.87913435471909
64.7	0.060868607783412354	18.81530003655893	18.876168644342343
64.8	0.04805420497076619	18.824708586378836	18.872762791349604
64.9	0.03747228070429956	18.831542176106037	18.869014456810337
65.0	0.0292235211159669	18.835793829518693	18.86501735063466
65.1	0.023710429679960034	18.83713334925355	18.860843778933507
65.2	0.021527880330214782	18.83504485896064	18.856572739290854
65.3	0.023179632454585757	18.829078572132207	18.852258204586793
65.4	0.02855199788379164	18.819473986610056	18.848025984493848
65.5	0.03745665024980043	18.80651600733504	18.843972657584843
65.6	0.04972370283776536	18.790474752920918	18.840198455758685
65.7	0.06473590070122676	18.77219114028953	18.836927040990755
65.8	0.0819426055931872	18.752390398596365	18.834333004189553
65.9	0.10072950620214192	18.731827324012713	18.832556830214855
66.0	0.12002111935198592	18.71174458625857	18.831765705610554
66.1	0.13867643095321439	18.693451829774336	18.83212826072755
66.2	0.15580090595562257	18.677886958434062	18.833687864389685
66.3	0.17014018730595679	18.666404376349362	18.83654456365532
66.4	0.18051634207835002	18.66014864822824	18.84066499030659
66.5	0.185741767913522	18.66029137551922	18.84603314343274
66.6	0.18517821462732934	18.66734424595614	18.85252246058347
66.7	0.17876036208004395	18.681180664447446	18.85994102652749
66.8	0.16690382968279424	18.701108048620423	18.868011878303218
66.9	0.15041163126589688	18.725950102982743	18.87636173424864
67.0	0.13015220656332102	18.754500728242064	18.884652934805384
67.1	0.1074250704918051	18.78511367877296	18.892538749264762
67.2	0.08389226737647709	18.81581923677557	18.899711504152048
67.3	0.061280874214116786	18.844666061994175	18.90594693620829
67.4	0.04129258625950874	18.869868036581696	18.911160622841205
67.5	0.0254174234197159	18.890043734345312	18.915461157765026
67.6	0.014576480825332253	18.904616301146792	18.919192781972125
67.7	0.00937831961551329	18.913434422858277	18.92281274247379
67.8	0.010383679601271768	18.916348270850712	18.926731950451984
67.9	0.017625678931009373	18.913721670280907	18.931347349211915
68.0	0.030652668777539836	18.906340876429997	18.936993545207535
68.1	0.04860806768382878	18.895269114888446	18.943877182572276
68.2	0.0697573737908501	18.882444388829743	18.952201762620593
68.3	0.09221005260096732	18.86983479944817	18.96204485204914
68.4	0.11413261909206032	18.859186463362803	18.973319082454864
68.5	0.13296484184133128	18.853029808070648	18.98599464991198
68.6	0.1462340871685688	18.85381540523085	19.00004949239942
68.7	0.152991330166907	18.86237066583779	19.015361996004696
68.8	0.15381488026432458	18.87793202989084	19.031746910155164
68.9	0.14965467358507223	18.899551853220196	19.049206526805268
69.0	0.14161885066256816	18.9262707337103	19.067889584372868
69.1	0.13066287281194122	18.95746626597818	19.088129138790123
69.2	0.11804374566169419	18.992108600874996	19.11015234653669
69.3	0.10537757315262912	19.02849925044071	19.13387682359334
69.4	0.09387227001057208	19.06501857377693	19.1588908437875
69.5	0.08396115291297357	19.100530004770167	19.18449115768314
69.6	0.07541308801478061	19.134281403001317	19.209694491016098
69.7	0.06761803075308326	19.16581643801153	19.233434468764614
69.8	0.060589838262313456	19.194160810029473	19.254750648291786
69.9	0.05495355361492313	19.218208879779777	19.2731624333947
70.0	0.05112660845195907	19.23742679594587	19.288553404397828
70.1	0.0490570552453587	19.251577853070316	19.300634908315676
70.2	0.04907159768060633	19.25930086302776	19.308372460708366
70.3	0.05164165977643613	19.258354128411227	19.309995788187663
70.4	0.056953871750260295	19.24647014246232	19.30342401421258
70.5	0.06595597711860647	19.220216612492283	19.28617258961089
70.6	0.07949576003951508	19.1760337882061	19.255529548245615
70.7	0.09884484808853661	19.1095673636071	19.208412211695634
70.8	0.12691677106465316	19.014871544514232	19.141788315578886
70.9	0.16685322764475582	18.887249426178084	19.054102653822838
71.0	0.22123362574677902	18.72407499020398	18.94530861595076
71.1	0.291788592875947	18.52356282618807	18.815351419064015
71.2	0.37903113988892184	18.28462158033567	18.663652720224594
71.3	0.48370876177654054	18.006134493492457	18.489843255268998
71.4	0.6062764804746243	17.688999924291746	18.29527640476637
71.5	0.7446359107803777	17.340508792535754	18.085144703316132
71.6	0.8948739795743084	16.97343323166448	17.868307211238786
71.7	1.0529309884305273	16.59878070088196	17.65171168931249
71.8	1.2155267043894529	16.221191238955978	17.436717943345432
71.9	1.3811685799439932	15.841703480383412	17.222872060327404
72.0	1.548106951872814	15.465068669064188	17.013175620937
72.1	1.7140665535669188	15.100558359196851	16.81462491276377
72.2	1.8835784354838117	14.751162190379448	16.63474062586326
72.3	2.0665609665428746	14.416363383793025	16.4829243503359
72.4	2.278637188975076	14.083485592103925	16.362122781079
72.5	2.554030264957138	13.710885754308848	16.264916019265986
72.6	2.9229859698368714	13.269426176666752	16.192412146503624
72.7	3.421532180102705	12.721299833719124	16.14283201382183
72.8	4.079648386156853	12.028927180691877	16.108575566848728
72.9	4.902115747765861	11.18721394792743	16.08932969569329
73.0	5.9224487907244745	10.14869858536837	16.071147376092846
73.1	7.16693413090136	8.884930311005206	16.051864441906567
73.2	8.68353124183232	7.336974875283952	16.02050611711627
73.3	10.532273551597095	5.446290421701308	15.978563973298403
73.4	12.638936414994442	3.310368922163274	15.949305337157716
73.5	14.335123538342339	1.2262762782437295	15.561399816586068
73.6	13.745312957952642	0.6816637414043013	14.426976699356944
73.7	11.079373331176985	2.6659481870665886	13.745321518243573
73.8	9.256556595804218	4.0979867767773515	13.35454337258157
73.9	9.978195463495306	3.1836675367882488	13.161863000283555
74.0	11.915236796454032	2.3756436394696334	14.290880435923665
74.1	13.026462375224552	2.8504098087258263	15.876872183950379
74.2	12.753935304160395	3.7936240783339596	16.547559382494356
74.3	11.247202096149854	5.259935421370991	16.507137517520846
74.4	9.079743604191444	7.718862538254436	16.79860614244588
74.5	7.143569560008632	9.500169520739774	16.643739080748407
74.6	5.492445146075136	10.866438236732508	16.358883382807644
74.7	4.400501364183276	11.478266072573717	15.878767436756993
74.8	3.223362625185298	12.714812927612448	15.938175552797745
74.9	2.5057229747726275	13.487430339055024	15.993153313827651
75.0	2.063827134385805	14.053523033512622	16.117350167898426
75.1	2.135195435084876	14.009009766836888	16.144205201921764
75.2	2.5446405831407217	13.322803873703858	15.86744445684458
75.3	2.865175006032745	12.68010521371008	15.545280219742825
75.4	3.1822544592700814	12.12990935158749	15.312163810857571
75.5	3.6846199357317677	11.620926175771277	15.305546111503045
75.6	4.31390797732745	10.794275835862718	15.108183813190168
75.7	4.583174788022013	10.681561289572516	15.264736077594527
75.8	4.605036419130484	10.695975580496437	15.301011999626922
75.9	3.9625455411060173	11.321031095315465	15.283576636421483
76.0	2.9759731337511024	12.389390096600092	15.365363230351194
76.1	2.280498127093525	13.091444304887608	15.371942431981132
76.2	1.8354225352700713	13.603560522188774	15.438983057458845
76.3	1.7090466043010166	13.69777616083167	15.406822765132688
76.4	1.7225786132738803	13.50031514802324	15.22289376129712
76.5	1.678751144716018	13.460996081502126	15.139747226218145
76.6	1.709811182784245	13.464234136825818	15.174045319610062
76.7	1.880325523981655	13.307887525779595	15.18821304976125
76.8	2.238696752247588	12.88415258314113	15.122849335388718
76.9	2.6930431750576447	12.388499943503026	15.08154311856067
77.0	2.8681079781668006	12.301362526729925	15.169470504896726
77.1	2.9093376770428137	12.257515737736975	15.166853414779789
77.2	3.0692268168076167	12.02895441663821	15.098181233445828
77.3	3.1427827527531416	11.93030553424635	15.073088286999493
77.4	3.149722371138384	12.021029705549585	15.17075207668797
77.5	3.146829722508218	12.05787934618255	15.204709068690768
77.6	2.7999341960793656	12.345392988113407	15.145327184192773
77.7	2.3296349462960175	12.85843031108078	15.188065257376797
77.8	2.2759048578905157	12.93669267607411	15.212597533964626
77.9	2.793737143774798	12.464384020696789	15.258121164471588
78.0	3.4358454709346957	11.905036429750732	15.340881900685428
78.1	3.4948559334612646	11.864312910607618	15.359168844068883
78.2	3.3168953878267504	12.088430426480215	15.405325814306966
78.3	2.9510801287829276	12.468477581032753	15.419557709815681
78.4	2.7470401715182646	12.65356557950607	15.400605751024335
78.5	2.5566519355026056	12.904226623276525	15.46087855877913
78.6	2.62735203670174	12.7728500984959	15.40020213519764
78.7	2.771245633383273	12.666277959650124	15.437523593033397
78.8	3.2342734217820603	12.110876637882084	15.345150059664144
78.9	3.8301905453730387	11.33594239306291	15.166132938435949
79.0	4.002161994139273	10.943770406803559	14.945932400942832
79.1	3.951734781581196	10.756120364273757	14.707855145854953
79.2	3.4239399305622817	11.348863753750996	14.772803684313278
79.3	2.8401278601757025	12.022563959498646	14.862691819674348
79.4	2.7041514566372036	12.115119404873383	14.819270861510587
79.5	2.754939918954943	12.06109258434145	14.816032503296393
79.6	2.383711497922749	12.464960952996579	14.848672450919327
79.7	2.2510492366048314	12.726896527619452	14.977945764224284
79.8	2.1486587582515053	12.820416720049534	14.96907547830104
79.9	1.7976329880019513	13.156405824484338	14.954038812486289
80.0	1.642044812563968	13.343309242439004	14.985354055002972
80.1	2.0520996329718613	12.974994466198808	15.02709409917067
80.2	2.694172718501584	12.401188639330515	15.095361357832099
80.3	3.1426980330422465	12.049508366349125	15.19220639939137
80.4	3.185564808201607	12.175208833089094	15.3607736412907
80.5	3.4797474507774333	11.85667136229293	15.336418813070363
80.6	3.9286964588140014	11.449747651850315	15.378444110664315
80.7	4.036618665376019	11.334899584924667	15.371518250300685
80.8	3.640319398540408	11.556187956890259	15.196507355430667
80.9	3.3930950085534244	11.607757564166581	15.000852572720007
81.0	3.160243711780751	11.918724236074473	15.078967947855224
81.1	2.960562829998052	12.217556817904011	15.178119647902063
81.2	3.0663548557768197	12.033365050361173	15.099719906137992
81.3	3.058199758883683	12.087083122939452	15.145282881823135
81.4	3.2875186132093006	11.904266481765594	15.191785094974895
81.5	3.4902290159390477	11.705761145519407	15.195990161458454
81.6	3.3772350347265307	11.894789971986883	15.272025006713413
81.7	3.2330759155481203	12.098354059803105	15.331429975351226
81.8	3.046929129851425	12.306186194187497	15.35311532403892
81.9	2.870488779836961	12.45560015961986	15.32608893945682
82.0	2.6917752126400183	12.622986595881612	15.31476180852163
82.1	2.7556276980150316	12.486992988106989	15.24262068612202
82.2	2.976839803718628	12.18144056280598	15.158280366524608
82.3	3.2225849496712917	11.877010483802954	15.099595433474246
82.4	3.3195272541760183	11.769009466170488	15.088536720346506
82.5	3.235430300203295	11.860521796472671	15.095952096675965
82.6	2.991843524162517	12.12919780405536	15.121041328217878
82.7	2.6324132941142255	12.547508024477395	15.17992131859162
82.8	2.475770118196951	12.689251357535634	15.165021475732585
82.9	2.2641976001428086	12.896434209129575	15.160631809272385
83.0	2.052443787113186	13.098370653829694	15.150814440942879
83.1	1.8841550225530634	13.258843909707828	15.142998932260891
83.2	1.8206073241879914	13.329898908669845	15.150506232857836
83.3	1.9259238764688464	13.268827796503489	15.194751672972336
83.4	2.28677904512735	12.927573617273312	15.214352662400662
83.5	2.5627575435814234	12.630545490660985	15.193303034242408
83.6	2.757868623678884	12.437072059614756	15.194940683293641
83.7	2.9631369643490344	12.207361961423699	15.170498925772733
83.8	3.069470955055092	12.118479978558128	15.18795093361322
83.9	3.1355621153989874	12.04502695222946	15.180589067628446
84.0	2.9797179994474425	12.224693350536436	15.204411349983879
84.1	2.7363587276241126	12.43792693569074	15.174285663314853
84.2	2.39109237159566	12.817027140909047	15.208119512504707
84.3	2.3540703923063684	12.809156271044303	15.163226663350672
84.4	2.4447410952372297	12.717558127254843	15.162299222492074
84.5	2.5944994131312833	12.576436347634516	15.170935760765799
84.6	2.8543462556912167	12.31305494456564	15.167401200256856
84.7	3.3536347122667762	11.795274376709134	15.14890908897591
84.8	3.9126888372758457	11.219823099898976	15.132511937174822
84.9	4.171343726074982	10.854170405462147	15.025514131537129
85.0	3.872282330778788	10.990597817026856	14.862880147805644
85.1	3.2996904775407283	11.470744461549762	14.77043493909049
85.2	2.848363781287958	11.892697498766973	14.74106128005493
85.3	2.6012649588320125	12.112188249179518	14.71345320801153
85.4	2.560539050193729	12.177405708928509	14.737944759122238
85.5	2.5879253583514474	12.1501868289503	14.738112187301748
85.6	2.347021811333176	12.430444020170786	14.777465831503962
85.7	2.108361890201548	12.71396557486598	14.822327465067529
85.8	2.041206257446079	12.86555900409833	14.90676526154441
85.9	1.926456041594176	12.997941596042482	14.924397637636659
86.0	1.6335597696520407	13.278231830990716	14.911791600642758
86.1	1.5762688981080941	13.30425618457528	14.880525082683373
86.2	1.5551887618132445	13.358078656174103	14.913267417987347
86.3	1.4390247753866718	13.53497849483525	14.974003270221923
86.4	1.4107376630936959	13.607175746594974	15.01791340968867
86.5	1.6481739824199755	13.284220568110994	14.932394550530969
86.6	1.6504677879359284	13.32384895483415	14.974316742770078
86.7	1.780248075976453	13.18315014631057	14.963398222287022
86.8	1.941761480365962	12.97010060416823	14.911862084534192
86.9	1.9571269246258085	12.950572945410627	14.907699870036435
87.0	1.8065629369323912	13.125518026125865	14.932080963058256
87.1	1.6786047776013941	13.264879386654991	14.943484164256386
87.2	1.7327219106420377	13.192122696134552	14.92484460677659
87.3	1.9429843138957181	12.990566529961335	14.933550843857052
87.4	2.3457078248520604	12.55976856132173	14.905476386173792
87.5	2.8396542634515805	12.030608095961195	14.870262359412775
87.6	3.334565493349221	11.535670364399556	14.870235857748776
87.7	3.7814269921557764	11.102485786037708	14.883912778193483
87.8	4.040832752169868	10.82107867433224	14.861911426502108
87.9	4.24909581613006	10.605684640160629	14.854780456290689
88.0	4.485903615011373	10.375311415187287	14.861215030198661
88.1	4.862709337324525	9.994632137166846	14.85734147449137
88.2	5.272655889218274	9.57059877461697	14.843254663835245
88.3	5.682045676578418	9.11619676783682	14.798242444415237
88.4	6.112825185544185	8.656601914111713	14.769427099655898
88.5	6.381405379880551	8.400967879363858	14.782373259244409
88.6	6.445557143232883	8.285460545455512	14.731017688688397
88.7	6.215772468505273	8.415816394524061	14.631588863029334
88.8	5.735086268691003	8.822509366259359	14.557595634950362
88.9	5.217961727477007	9.296667297836263	14.51462902531327
89.0	4.671834985272395	9.828375487854704	14.500210473127098
89.1	4.094556112615348	10.451140611982376	14.545696724597725
89.2	3.5410929893187784	11.02124988023676	14.56234286955554
89.3	3.0542775460944243	11.506219291039693	14.560496837134117
89.4	2.8514109395559855	11.683587834032453	14.534998773588438
89.5	2.7912771664133977	11.740647011077149	14.531924177490547
89.6	2.8826765197986304	11.657935227882643	14.540611747681274
89.7	3.0450216347886756	11.558604382954261	14.603626017742936
89.8	3.163197237411026	11.495779395789986	14.658976633201013
89.9	3.1088562748331623	11.603229937468756	14.712086212301918
90.0	3.049771655387885	11.670275278586272	14.720046933974157
90.1	2.796239158389722	11.960333836733302	14.756572995123024
90.2	2.34556781124287	12.454866520070626	14.800434331313497
90.3	2.0304074633644142	12.7320732253857	14.762480688750113
90.4	1.7599943374236504	12.973853084327638	14.733847421751289
90.5	1.613973800437774	13.09533496433774	14.709308764775514
90.6	1.4510328062501177	13.257816650065214	14.708849456315331
90.7	1.2763911323979134	13.422242646792329	14.698633779190242
90.8	1.2451135323136646	13.436072430015685	14.68118596232935
90.9	1.3917619022170573	13.252760100623119	14.644522002840176
91.0	1.5768461636277504	13.050683745924244	14.627529909551996
91.1	1.7881778633495207	12.854756061943037	14.642933925292558
91.2	2.0486202877190203	12.585845262710452	14.634465550429471
91.3	2.394445999383551	12.218500703293547	14.612946702677098
91.4	2.699015088387271	11.918939015455802	14.617954103843072
91.5	2.646348404459953	12.051451434409598	14.697799838869551
91.6	2.481198259538113	12.244731602464581	14.725929862002694
91.7	2.5111233868020877	12.229590833924252	14.740714220726339
91.8	2.6174182520911167	12.130566082238202	14.747984334329319
91.9	2.5895805543654347	12.150511599126292	14.740092153491727
92.0	2.4895073308334936	12.2126478324532	14.702155163286694
92.1	2.3180442996633133	12.390380546890654	14.708424846553967
92.2	2.3557571136879303	12.35254608518545	14.70830319887338
92.3	2.5493329338265274	12.14862266055798	14.697955594384506
92.4	2.6894834497055324	12.001052083934187	14.69053553363972
92.5	2.8236337948545045	11.84373417922779	14.667367974082294
92.6	2.9599241107283016	11.727950108242919	14.68787421897122
92.7	3.241399842939833	11.429483176125714	14.670883019065547
92.8	3.4858446095431646	11.168530962264711	14.654375571807876
92.9	3.351723552979566	11.326108216521002	14.677831769500568
93.0	2.9429037962168345	11.717098959435049	14.660002755651883
93.1	2.301640919411435	12.408050762075153	14.709691681486587
93.2	1.8041326243088505	12.914453311215334	14.718585935524185
93.3	1.58878125254986	13.122654775158077	14.711436027707936
93.4	1.6643958078167351	13.040094453694827	14.704490261511562
93.5	1.9020482990658985	12.790387923811279	14.692436222877177
93.6	1.8966967781308852	12.782954309563472	14.679651087694356
93.7	1.517122447739607	13.215320033449839	14.732442481189446
93.8	1.316427342973389	13.403909140217891	14.72033648319128
93.9	1.2019628932549962	13.517778952821972	14.719741846076968
94.0	1.1698477597641885	13.555741828560867	14.725589588325056
94.1	1.2912806683421965	13.437511691321726	14.728792359663922
94.2	1.5897752507979586	13.142244693001668	14.732019943799626
94.3	1.9296473660017104	12.755945068489716	14.685592434491426
94.4	2.1033770485472227	12.585042825792526	14.688419874339749
94.5	2.412285653617067	12.266570019869594	14.67885567348666
94.6	2.5767782236738137	12.080246865560367	14.657025089234182
94.7	2.405338697607285	12.29546906705758	14.700807764664864
94.8	2.220813496773184	12.482090682749089	14.702904179522273
94.9	2.0965688597788805	12.619400908703142	14.715969768482022
95.0	2.161630395160256	12.555503665027876	14.717134060188132
95.1	2.286310418414408	12.434052008081597	14.720362426496004
95.2	2.318763918788345	12.411913067513488	14.730676986301834
95.3	2.1227311498689443	12.596320139729322	14.719051289598266
95.4	1.7934461315028396	12.937033934965616	14.730480066468456
95.5	1.722908207489388	13.005584293826985	14.728492501316373
95.6	1.8850867256286767	12.847136369942694	14.73222309557137
95.7	2.03719444621583	12.66929166415927	14.7064861103751
95.8	2.11860890430421	12.567514532619317	14.686123436923527
95.9	2.059548521960876	12.599843694752291	14.659392216713167
96.0	1.7376404738759594	12.945046531311082	14.682687005187042
96.1	1.7314795607923028	12.937749778453709	14.669229339246012
96.2	1.9375959859556475	12.70765298212668	14.645248968082328
96.3	2.27930266415221	12.367460844147379	14.646763508299589
96.4	2.879384748880062	11.740333409570447	14.619718158450508
96.5	3.445720523869512	11.157394014781884	14.603114538651397
96.6	3.892657969099289	10.736485795203405	14.629143764302695
96.7	4.322273972595771	10.313738877298984	14.636012849894755
96.8	4.792100682113805	9.851302807710676	14.64340348982448
96.9	5.459198494063574	9.176055325774081	14.635253819837654
97.0	6.121311125037949	8.464745994836614	14.586057119874564
97.1	6.567235578760655	7.962954850462593	14.530190429223246
97.2	6.786966826326954	7.734496182004827	14.521463008331782
97.3	6.920393609620905	7.602788035179842	14.523181644800747
97.4	6.987579679262257	7.5729097830110295	14.560489462273287
97.5	7.235892410654228	7.315732186632334	14.551624597286562
97.6	7.567225859626776	6.949694982223348	14.516920841850123
97.7	7.482220154775006	7.035593890341558	14.517814045116564
97.8	7.10722557367787	7.4150238658341285	14.522249439511999
97.9	6.855624905779255	7.676199229909297	14.531824135688552
98.0	6.692425938856595	7.807404150792095	14.49983008964869
98.1	6.245229473438987	8.267448345486473	14.51267781892546
98.2	5.670988695831311	8.819460212359047	14.49044890819036
98.3	4.967058088259439	9.500761219117761	14.4678193073772
98.4	4.190466566531141	10.275177969483869	14.46564453601501
98.5	3.576183907455355	10.884466257540543	14.460650164995899
98.6	3.1684377457972186	11.281346483818758	14.449784229615977
98.7	2.884766482147492	11.564423641435036	14.449190123582529
98.8	2.689410244320265	11.762359935783309	14.451770180103573
98.9	2.540259838378584	11.920568501483887	14.46082833986247
99.0	2.3376379404750587	12.145207930696506	14.482845871171564
99.1	2.083710707325244	12.420116441519903	14.503827148845147
99.2	1.833572479900765	12.68922392686763	14.522796406768395
99.3	1.70684672052722	12.811521143105086	14.518367863632307
99.4	1.6522930797544226	12.8645877920191	14.516880871773521
99.5	1.605812869896124	12.920313161616702	14.526126031512826
99.6	1.6126201289406907	12.9028128374232	14.51543296636389
99.7	1.5401624026280702	12.988293532975048	14.528455935603118
99.8	1.4907568144393848	13.04114265097145	14.531899465410834
99.9	1.5889100290255487	12.941991358719886	14.530901387745434
100.0	1.8183659852563252	12.715949795749426	14.53431578100575

