# dt=0.125 eps=0.5 size1_sp=32 size2_sp=32 size_v1=128 size_v2=128
# sp1 : from 0.0 to 12.566370614359172
# sp2 : from 0.0 to 12.566370614359172
# v1 : from -6.0 to 6.0
# v2 : from -6.0 to 6.0
# interpolation : Lagrange{Float64, true} order=5
# type=Float64 precision = 53
# timeopt=MPIOpt
# nb process : 16
typeof(data)=Array{Float64,4} size(data)=(32, 32, 128, 128)
#time	el-energy	kinetic-energy	global-energy
0.0	162.8484712980403	157.91364619607728	320.76211749411755
0.125	159.36500433000268	161.4346225299591	320.7996268599618
0.25	149.27436069619543	171.81516296993877	321.0895236661342
0.375	133.5987368653385	188.48730195044146	322.08603881577994
0.5	113.86839335322783	210.4547437204972	324.32313707372504
0.625	91.90796919525305	236.27480234524512	328.18277154049815
0.75	69.60870392224761	264.11057525780944	333.7192791800571
0.875	48.72275729491417	291.8732782127235	340.5960355076377
1.0	30.700471305901246	317.44128377075947	348.14175507666073
1.125	16.57825804289732	338.917118932614	355.49537697551136
1.25	6.917842198222667	354.8729152821654	361.7907574803881
1.375	1.7956038615248056	364.53717246074035	366.33277632226515
1.5	0.8394745860656905	367.8876663328436	368.7271409189093
1.625	3.3073074720231506	365.6331694973032	368.9404769693263
1.75	8.196338998658058	359.08565306859884	367.2819920672569
1.875	14.371407826940697	349.9422597026874	364.3136675296281
2.0	20.699652940137348	340.014374907301	360.71402784743833
2.125	26.178486829501622	330.9573628510221	357.13584968052373
2.25	30.041615492212422	324.0568700594593	354.09848555167173
2.375	31.828483222749547	320.1075976918934	351.9360809146429
2.5	31.40829865549289	319.38801872243636	350.79631737792926
2.625	28.95880339678926	321.70945193583816	350.66825533262744
2.75	24.90791315578682	326.5107130133863	351.41862616917314
2.875	19.850542462208473	332.9759479913272	352.82649045353565
3.0	14.453516142783942	340.1626705136064	354.6161866563903
3.125	9.36045417719035	347.13181317252713	356.4922673497175
3.25	5.107604910143738	353.0701534471768	358.1777583573205
3.375	2.0608595705137907	357.39115737884316	359.45201694935696
3.5	0.38222051975880245	359.798507604935	360.1807281246938
3.625	0.02961149749378492	360.30099444575853	360.3306059432523
3.75	0.7876607536405631	359.1773676172437	359.9650283708843
3.875	2.321146553579755	356.9009843316579	359.2221308852377
4.0	4.239352179438505	354.042157031136	358.28150921057454
4.125	6.159384162208851	351.16865290135945	357.3280370635683
4.25	7.758835863302038	348.7619795281179	356.5208153914199
4.375	8.811711306496665	347.1607654532887	355.97247675978537
4.5	9.20515410097299	346.5352397104677	355.7403938114407
4.625	8.937637855518775	346.8906803098961	355.8283181654149
4.75	8.10165969504439	348.0937708057099	356.19543050075424
4.875	6.8556302592806135	349.913969373811	356.7695996330916
5.0	5.390571553401865	352.0716137607775	357.46218531417935
5.125	3.897338768036611	354.2850356099244	358.182374377961
5.25	2.539297781617481	356.3102455683328	358.8495433499503
5.375	1.4338200069313976	357.96869012116406	359.40251012809546
5.5	0.6439613374740106	359.16093749277474	359.80489883024876
5.625	0.1797651523942968	359.8665327588435	360.0462979112378
5.75	0.007173361158720981	360.1322889968549	360.13946235801365
5.875	0.06172194653969742	360.05269479118306	360.11441673772276
6.0	0.26401063419133486	359.74679273357776	360.0108033677691
6.125	0.5342383927186289	359.33579467552346	359.8700330682421
6.25	0.8037379516169384	358.9249204042837	359.7286583559006
6.375	1.0222877459072264	358.591654622922	359.61394236882927
6.5	1.1608961694403364	358.3810858442655	359.5419820137058
6.625	1.2105927823153766	358.3075515001316	359.51814428244694
6.75	1.1783695215096597	358.3607820880607	359.53915160957035
6.875	1.0816798295180439	358.51430945552266	359.59598928504073
7.0	0.942813556846389	358.73407347133394	359.6768870281803
7.125	0.7841219610217843	358.98572904659505	359.76985100761686
7.25	0.6246294659245291	359.2398471941375	359.86447666006205
7.375	0.4781734082612664	359.47480566600774	359.952979074269
7.5	0.3529259786787881	359.6775881364712	360.03051411514997
7.625	0.2519776114704719	359.84296565476814	360.0949432662386
7.75	0.1745767104785814	359.97166073831653	360.1462374487951
7.875	0.11761091339765696	360.0681161656022	360.18572707899983
8.0	0.07697531808290334	360.13840871866506	360.215384036748
8.125	0.04859488098586834	360.1886700395408	360.2372649205267
8.25	0.029023166096232244	360.22414345687486	360.2531666229711
8.375	0.015679509166394424	360.2487917017249	360.26447121089126
8.5	0.006864707889154898	360.2652492411984	360.27211394908755
8.625	0.001693688753957528	360.274912884554	360.27660657330796
8.75	2.3436865852000328e-5	360.27805301406397	360.2780764509298
8.875	0.0023802140221080028	360.2739375295041	360.2763177435262
9.0	0.009841450359873763	360.261031519497	360.2708729698569
9.125	0.023821152531553716	360.2373437058268	360.26116485835837
9.25	0.04573630538656425	360.2009470055277	360.2466833109143
9.375	0.07657694949913615	360.15063334897616	360.2272102984753
9.5	0.11644618784279719	360.08659931204267	360.2030454998855
9.625	0.164166175236288	360.01101692976886	360.17518310500515
9.75	0.21705545452029507	359.9283329123489	360.14538836686916
9.875	0.2709678441739804	359.8451650400192	360.1161328841932
10.0	0.3206419900631014	359.7697286364048	360.0903706264679
10.125	0.3603478931287892	359.71082183070104	360.0711697238298
10.25	0.3847450774467744	359.6765058543542	360.061250931801
10.375	0.3898061490799804	359.6727061505263	360.0625122996063
10.5	0.373628294028244	359.70200349445594	360.0756317884842
10.625	0.3369640406593414	359.7628672224736	360.0998312631329
10.75	0.2833493547173192	359.8495091581114	360.1328585128287
10.875	0.21877991395703567	359.95242544802954	360.17120536198655
11.0	0.150968882656611	360.0595688428566	360.21053772551323
11.125	0.0882957954454028	360.15797949617127	360.24627529161666
11.25	0.038613266643096306	360.2356173436616	360.2742306103047
11.375	0.008106629049787345	360.2830978542818	360.29120448333157
11.5	0.00039567648563082643	360.2950439537219	360.29543963020757
11.625	0.016027145535031987	360.2708306555878	360.28685780112284
11.75	0.05243798000127292	360.2146052090201	360.26704318902136
11.875	0.10438609958808523	360.1345936776043	360.2389797771924
12.0	0.16476462176209605	360.0418280773203	360.2065926990824
12.125	0.2256537555864932	359.948521200408	360.1741749559945
12.25	0.27943310982780806	359.86636208776736	360.1457951975952
12.375	0.3197795245910408	359.80499877468816	360.12477829927917
12.5	0.34240800485452	359.77092279122394	360.11333079607846
12.625	0.3454669117287367	359.7668863380996	360.11235324982835
12.75	0.32956164509747227	359.79188625890964	360.12144790400714
12.875	0.2974418009380498	359.841657040393	360.139098841331
13.0	0.2534350960271	359.90954320736296	360.16297830339005
13.125	0.20274033844451908	359.98757950306447	360.190319841509
13.25	0.15069869758272303	360.0675985340057	360.2182972315884
13.375	0.10214913724549417	360.1422070734221	360.2443562106676
13.5	0.060945266858764155	360.2055159645688	360.26646123142757
13.625	0.029674172962595995	360.2535638871402	360.2832380601028
13.75	0.009580481803266523	360.284431168826	360.2940116506293
13.875	0.0006674104465016652	360.29808689334607	360.2987543037926
14.0	0.001925365162691422	360.29604415383477	360.2979695189975
14.125	0.011629724135705498	360.280911450734	360.2925411748697
14.25	0.02765215497350449	360.255923883428	360.2835760384015
14.375	0.047741277773320046	360.2245203128933	360.2722615906666
14.5	0.06974448458755426	360.1900084839785	360.25975296856603
14.625	0.09175901851610757	360.15533561285565	360.24709463137174
14.75	0.11221388595638435	360.12296183789977	360.2351757238562
14.875	0.12989341902375712	360.09482022490386	360.2247136439276
15.0	0.14391841297223928	360.0723394907293	360.21625790370155
15.125	0.15370257658114844	360.0565029749953	360.21020555157645
15.25	0.15890139153910987	360.0479184244281	360.2068198159672
15.375	0.15936788193891072	360.0468771577278	360.2062450396667
15.5	0.15512554388178323	360.0533877213225	360.2085132652043
15.625	0.14636319762838845	360.06717756444425	360.2135407620726
15.75	0.1334505304209459	360.08766539636446	360.2211159267854
15.875	0.11696753416156011	360.11391527543714	360.2308828095987
16.0	0.09773677316997663	360.14458979453195	360.2423265677019
16.125	0.07684501422429128	360.177923112343	360.25476812656734
16.25	0.05564047544741112	360.21173464744413	360.26737512289156
16.375	0.03569388804131087	360.2435008749483	360.2791947629896
16.5	0.018715726855082927	360.2704958426363	360.2892115694914
16.625	0.006428228382040168	360.2900010003978	360.29642922877986
16.75	0.0003987257579751474	360.29957250817574	360.2999712339337
16.875	0.0018494383893789595	360.29734093009904	360.29919036848844
17.0	0.011466713639370421	360.28230644208503	360.2937731557244
17.125	0.029238121697309886	360.2545850185434	360.2838231402407
17.25	0.054347173063300225	360.2155598683621	360.2699070414254
17.375	0.08515173415430494	360.1678990955424	360.2530508296967
17.5	0.11926331945260679	360.1154151777354	360.234678497188
17.625	0.15373123707685027	360.06276279993136	360.2164940370082
17.75	0.1853199248054932	360.01499582759675	360.2003157524022
17.875	0.21085226689884753	359.9770277989973	360.18788006589614
18.0	0.22757895084701638	359.9530591270383	360.1806380778853
18.125	0.23352638921752567	359.9460447189162	360.1795711081337
18.25	0.2277749814557052	359.9572757216426	360.1850507030983
18.375	0.21062602841404343	359.98613802420124	360.19676405261526
18.5	0.1836287702493181	360.0300891872603	360.2137179575096
18.625	0.14945704258689652	360.08486741042543	360.23432445301233
18.75	0.11164533994092896	360.14491498196827	360.2565603219092
18.875	0.07421357935388341	360.20396903467145	360.27818261402535
19.0	0.04122553791388337	360.25574892307577	360.29697446098965
19.125	0.016335322254697193	360.2946558387912	360.3109911610459
19.25	0.002377869795782141	360.31639852133344	360.31877639112923
19.375	0.0010532383291077328	360.3184692469542	360.3195224852833
19.5	0.01274148133164312	360.3004148318133	360.313156313145
19.625	0.03646743769757668	360.26387472297824	360.3003421606758
19.75	0.07001555961905073	360.212388041909	360.282403601528
19.875	0.11017676827851873	360.15099935084316	360.26117611912167
20.0	0.153094646296997	360.08571520061844	360.23880984691544
20.125	0.19466869577688417	360.0228776898942	360.2175463856711
20.25	0.2309686807845283	359.9685262064393	360.19949488722386
20.375	0.25861612896609376	359.92781452875613	360.1864306577222
20.5	0.27509602497557617	359.90453903983536	360.17963506481095
20.625	0.278972164279306	359.9008172942195	360.1797894584988
20.75	0.2699918299753674	359.9169373245012	360.18692915447656
20.875	0.2490776831749969	359.9513795241002	360.20045720727524
21.0	0.21821555860461742	360.0009968459409	360.21921240454554
21.125	0.1802552291515749	360.0613267909029	360.24158202005447
21.25	0.1386467037238852	360.1270007313484	360.2656474350723
21.375	0.09713733088987529	360.1922122589487	360.2893495898386
21.5	0.05945533662471764	360.2512057323867	360.3106610690114
21.625	0.029004046305127415	360.29874810336753	360.3277521496727
21.75	0.008588453448479234	360.3305507024192	360.33913915586766
21.875	0.00019233890486035072	360.3436126240805	360.34380496298536
22.0	0.004820068558625365	360.33646337820875	360.34128344676736
22.125	0.022412603995216693	360.3092894821384	360.33170208613365
22.25	0.05184232472470379	360.2639374590886	360.3157797838133
22.375	0.09098639650663225	360.2037935685883	360.29477996509496
22.5	0.13687397954598146	360.13354784291226	360.2704218224582
22.625	0.18589867503856902	360.0588564275383	360.24475510257685
22.75	0.2340844147417133	359.98592152013543	360.2200059348771
22.875	0.27739024003239304	359.9210125340945	360.19840277412686
23.0	0.3120364196560175	359.8699567495961	360.1819931692521
23.125	0.33483139695917613	359.83763207079124	360.17246346775045
23.25	0.34347589312792254	359.82749891323033	360.17097480635823
23.375	0.3368176917186292	359.8412122544276	360.17802994614624
23.5	0.31502980512814976	359.87835565961575	360.1933854647439
23.625	0.27968647478076714	359.936336120253	360.21602259503373
23.75	0.2337170626911952	360.01046967592356	360.24418673861476
23.875	0.1812275856994435	360.0942726456362	360.2755002313356
24.0	0.12719277801652232	360.17995288912135	360.3071456671379
24.125	0.07703687764205228	360.2590717874989	360.33610866514096
24.25	0.03613669437348387	360.3233234918884	360.3594601862619
24.375	0.009292825607557119	360.36535889427086	360.3746517198784
24.5	0.00022324440787423964	360.37956886160487	360.37979210601276
24.625	0.01113471271949808	360.36273929630585	360.37387400902537
24.75	0.0424215058675794	360.31450152101877	360.35692302688636
24.875	0.0925307211010911	360.2375173566249	360.33004807772596
25.0	0.15801480897492937	360.13736906450026	360.2953838734752
25.125	0.2337740545716706	360.02215410700484	360.2559281615765
25.25	0.31347359238105327	359.9018114983103	360.21528509069134
25.375	0.3900993422615112	359.78724052681827	360.1773398690798
25.5	0.4566077641192488	359.68928515300007	360.14589291711934
25.625	0.5066111040390301	359.6176748769956	360.12428598103463
25.75	0.5350327978305961	359.58002608523117	360.11505888306175
25.875	0.5386753608163106	359.5809890179989	360.1196643788152
26.0	0.5166337841353378	359.6216373250873	360.13827110922267
26.125	0.4704934406482199	359.699197147535	360.16969058818324
26.25	0.4042935794173236	359.80713967151115	360.21143325092845
26.375	0.3242439706718728	359.9356436320562	360.2598876027281
26.5	0.23818379020960687	360.0724497016536	360.31063349186326
26.625	0.15483792648622696	360.2040266769011	360.3588646033873
26.75	0.08296568823603656	360.3168939127286	360.3998596009646
26.875	0.030482540728745393	360.3989732821769	360.42945582290565
27.0	0.003641360402648518	360.44084255087375	360.4444839112764
27.125	0.006373810805666913	360.4367386095508	360.44311242035644
27.25	0.03987900047101551	360.3851712640869	360.4250502645579
27.375	0.10249250512254064	360.28909157965904	360.3915840847816
27.5	0.18981763055640302	360.1556523974364	360.3454700279928
27.625	0.29509829625222367	359.995598714638	360.2906970108902
27.75	0.40979819613513657	359.8223377528489	360.232135948984
27.875	0.5243138563937831	359.6508061039574	360.1751199603512
28.0	0.6287583717507452	359.4962429327611	360.12500130451184
28.125	0.7137833609739499	359.37292130070745	360.0867046616814
28.25	0.7714011183279162	359.2928923439488	360.0642934622767
28.375	0.7957484552372429	359.2648347279576	360.0605831831948
28.5	0.7837401940057154	359.2930882089382	360.0768284029439
28.625	0.7355464330740841	359.37695568784886	360.11250212092295
28.75	0.6547939727621859	359.51043004216393	360.16522401492614
28.875	0.5484518815267952	359.68241512199273	360.2308670035195
29.0	0.42639455371999585	359.8774230707256	360.3038176244456
29.125	0.3005783845759405	360.0768509308953	360.37742931547126
29.25	0.18388383685060145	360.2607848956423	360.4446687324929
29.375	0.08882507720555956	360.40999921129236	360.49882428849793
29.5	0.02627381088975427	360.50791946614	360.5341932770297
29.625	0.004332742040616939	360.5423614910436	360.5466942330842
29.75	0.027529154447730336	360.5067686274948	360.53429778194254
29.875	0.09640506544710938	360.40082068448487	360.497225749932
30.0	0.20748950730416613	360.2304435708724	360.43793307817657
30.125	0.3536107069444518	360.00728575015546	360.3608964570999
30.25	0.5244758245124076	359.74776783061037	360.2722436551228
30.375	0.7073874059820416	359.4719035916509	360.17929099763296
30.5	0.8880017023190375	359.20206313834274	360.0900648406618
30.625	1.0512170245607582	358.9615573739438	360.0127743985045
30.75	1.182294511556967	358.77288029364547	359.95517480520243
30.875	1.2681636291785572	358.65570886961365	359.9238724987922
31.0	1.298853987859523	358.6247568907497	359.9236108786092
31.125	1.2689308139807913	358.687634385904	359.9565651998848
31.25	1.1786535429836296	358.8431447328627	360.0217982758463
31.375	1.0346391848270944	359.0803592898869	360.114998474714
31.5	0.8498749692355482	359.37866708155843	360.228542050794
31.625	0.6428272968786408	359.70917791002125	360.3520052068999
31.75	0.4355510511062633	360.0376539864402	360.47320503754645
31.875	0.2511007405484391	360.3285112543989	360.57961199494736
32.0	0.11075047905898033	360.54911192874977	360.65986240780876
32.125	0.031520400083438704	360.67359245432596	360.7051128544094
32.25	0.024402528696476675	360.6856055945362	360.7100081232327
32.375	0.09345954452869301	360.5796830833602	360.67314262788886
32.5	0.23576269216162127	360.361274659401	360.5970373515626
32.625	0.4420658095822353	360.04564598104844	360.48771179063067
32.75	0.6980356867394645	359.65591845601926	360.3539541427587
32.875	0.9856441257434231	359.22083344251513	360.20647756825855
33.0	1.2842011621793965	358.773017400691	360.0572185628704
33.125	1.570886094723914	358.3479995063264	359.9188856010503
33.25	1.8214101718970572	357.9830748497069	359.80448502160397
33.375	2.0116555201267765	357.71474542481417	359.72640094494096
33.5	2.1202886353683867	357.57474946070755	359.69503809607596
33.625	2.1316032512239547	357.58584705796096	359.7174503091849
33.75	2.0382158795153824	357.7579163793687	359.7961322588841
33.875	1.8436991280716497	358.08412206576594	359.9278211938376
34.0	1.564509498488732	358.5380605235436	360.10257002203235
34.125	1.2296180261864116	359.0743675066824	360.3039855328688
34.25	0.8770145601956932	359.63413312571527	360.51114768591094
34.375	0.5482102363276354	360.15336507387264	360.70157531020027
34.5	0.28251346400955946	360.5717256839644	360.854239147974
34.625	0.11186906350468093	360.8404184116721	360.9522874751768
34.75	0.05667014374231149	360.92870753132604	360.9853776750684
34.875	0.12367175973129912	360.8272369558837	360.95090871561496
35.0	0.3067987103659067	360.5467115271795	360.85351023754544
35.125	0.5899625419860213	360.11333111761934	360.7032936596054
35.25	0.9505531449273145	359.56329763461264	360.51385077953995
35.375	1.3631924213405684	358.93707035621236	360.3002627775529
35.5	1.802657641293465	358.27480656197577	360.07746420326924
35.625	2.243509209750418	357.61671536201504	359.86022457176546
35.75	2.6565816533149804	357.0082077564187	359.66478940973366
35.875	3.0071594518588243	356.50241304329796	359.50957249515676
36.0	3.258189010486595	356.15498964474403	359.41317865523064
36.125	3.3754809620456667	356.0163212848707	359.39180224691637
36.25	3.332047232638155	356.12554690687006	359.4575941395082
36.375	3.114955019543808	356.50051315058454	359.61546817012834
36.5	2.735347534443044	357.12229949504626	359.8576470294893
36.625	2.232825565064895	357.92856324079764	360.16138880586254
36.75	1.6687198302435018	358.8242944372169	360.4930142674604
36.875	1.1144226853270607	359.6996280556277	360.81405074095477
37.0	0.6404815095499916	360.4460700884888	361.0865515980388
37.125	0.3056798382653925	360.9733201926626	361.279000030928
37.25	0.14748815539529633	361.22439900833814	361.37188716373345
37.375	0.1782107586037009	361.18167134247597	361.3598821010797
37.5	0.3870871513905884	360.86339984959164	361.2504870009822
37.625	0.74519349950064	360.3159810190099	361.06117451851054
37.75	1.2117438087325538	359.60403092123903	360.81577472997157
37.875	1.7425478152993463	358.7971663063101	360.53971412160945
38.0	2.299610359279864	357.95515006151163	360.2547604207915
38.125	2.856209400440649	357.12018062136457	359.97639002180523
38.25	3.391624682719665	356.32517574785095	359.71680043057063
38.375	3.879416226906509	355.6115930058198	359.49100923272636
38.5	4.280717367481592	355.03888023927817	359.31959760675977
38.625	4.545346865044585	354.68220703449776	359.22755389954233
38.75	4.616856136792759	354.6255136112673	359.24236974806007
38.875	4.447749117990778	354.93903526568903	359.3867843836798
39.0	4.025744759977068	355.6387491278759	359.6644938878529
39.125	3.389217375223907	356.663033595663	360.0522509708869
39.25	2.6193979210742384	357.88571808670696	360.5051160077812
39.375	1.8219524494010864	359.14396722656903	360.9659196759701
39.5	1.1054279683942791	360.270612306096	361.37604027449026
39.625	0.55818117257232	361.1299677232355	361.68814889580784
39.75	0.2349621872686499	361.63859144425624	361.8735536315249
39.875	0.15756373295730963	361.76397996162484	361.92154369458217
40.0	0.3200158237812859	361.5168008091064	361.8368166328877
40.125	0.6920835111164246	360.94576549093415	361.6378490020506
40.25	1.2232709657191405	360.131099887797	361.3543708535162
40.375	1.8505418691238682	359.1720561552225	361.02259802434634
40.5	2.5101823698527075	358.1682344603679	360.6784168302206
40.625	3.149705192073122	357.20110832509715	360.35081351717025
40.75	3.732527029260077	356.3270106313248	360.0595376605849
40.875	4.232479184395298	355.58594340681765	359.81842259121294
41.0	4.622891205115974	355.0184856081405	359.6413768132565
41.125	4.8678386405498895	354.6790680670462	359.5469067075961
41.25	4.923369366953401	354.63389095170885	359.55726031866226
41.375	4.752813257140921	354.93731850815226	359.6901317652932
41.5	4.347701079103971	355.59999618107884	359.9476972601828
41.625	3.7385154797742506	356.5730615963424	360.3115770761167
41.75	2.98977626294562	357.7562815240868	360.7460577870324
41.875	2.1863335446850445	359.0189388060695	361.20527235075457
42.0	1.4182684011132975	360.2224277754557	361.640696176569
42.125	0.7675616619533328	361.2403620582323	362.0079237201856
42.25	0.29792873429414524	361.9742893344522	362.2722180687463
42.375	0.048670236366412316	362.3635452703882	362.41221550675465
42.5	0.032628191470561264	362.38877918736335	362.4214073788339
42.625	0.23746642318039238	362.0701386366806	362.307605059861
42.75	0.6292505481663102	361.4617011339324	362.0909516820987
42.875	1.15820927299688	360.64232928297605	361.80053855597293
43.0	1.7663725896097038	359.70335450542916	361.4697270950389
43.125	2.3942602599236915	358.7377091232869	361.13196938321056
43.25	2.983838308963209	357.8352395704995	360.81907787946267
43.375	3.4801116519559434	357.08042461266524	360.5605362646212
43.5	3.8359921721384067	356.54493172009785	360.38092389223624
43.625	4.0195664438091985	356.27654720291497	360.29611364672417
43.75	4.017974644467639	356.2936863226061	360.31166096707375
43.875	3.8349375034649764	356.58976814961835	360.4247056530833
44.0	3.4862091548608847	357.1404166709464	360.6266258258073
44.125	2.999937808500278	357.90244426988914	360.90238207838945
44.25	2.4207382810409688	358.80690610410085	361.22764438514184
44.375	1.8079758286396084	359.76186500536954	361.56984083400914
44.5	1.2251421960495001	360.66944333932463	361.8945855353741
44.625	0.7276512229217215	361.4447151406654	362.1723663635871
44.75	0.3554189748656626	362.0265904059331	362.38200938079876
44.875	0.13130854217096918	362.3797454222209	362.51105396439186
45.0	0.06457025761946714	362.48924943634864	362.55381969396814
45.125	0.15558302720180964	362.35360000708806	362.5091830342899
45.25	0.39580525546205	361.98538107026786	362.3811863257299
45.375	0.7617833204660186	361.4209196059018	362.1827029263678
45.5	1.2116434248814347	360.7255462064148	361.93718963129623
45.625	1.6926771778241554	359.9811330322048	361.673810210029
45.75	2.15480725257324	359.2648565164869	361.4196637690601
45.875	2.5575994064140875	358.6389821251664	361.19658153158053
46.0	2.8696930673755894	358.15242500982	361.02211807719556
46.125	3.0673450566571296	357.84283201153636	360.9101770681935
46.25	3.1334737819640415	357.7375287332807	360.87100251524475
46.375	3.056638337689502	357.85467457476267	360.91131291245216
46.5	2.8340035743567484	358.1984044853033	361.03240805966004
46.625	2.4797450431184123	358.74587181081966	361.22561685393805
46.75	2.03034399564969	359.4396658043699	361.47000980001957
46.875	1.5383790916350844	360.1982232643364	361.73660235597146
47.0	1.0589307464705462	360.9369983626558	361.99592910912634
47.125	0.6388733988698054	361.58446256530686	362.22333596417667
47.25	0.31349363269075414	362.0868203794112	362.400314012102
47.375	0.10770386135237069	362.40593000783633	362.5136338691887
47.5	0.0361545365140039	362.5190979887822	362.5552525252962
47.625	0.09950869771350938	362.42496229465496	362.5244709923685
47.75	0.2818074943302425	362.14759220024104	362.42939969457126
47.875	0.5545386100838472	361.730020516956	362.28455912703987
48.0	0.8840254091874773	361.2229902263793	362.10701563556677
48.125	1.235858400865505	360.6786305953083	361.91448899617376
48.25	1.5761039920833975	360.1488191443439	361.7249231364273
48.375	1.8721610881253017	359.6838157098993	361.55597679802463
48.5	2.0952990818422483	359.32830592708	361.42360500892227
48.625	2.22473831585746	359.1150201066846	361.33975842254205
48.75	2.2502546233620957	359.06064368178187	361.31089830514395
48.875	2.1713544971997116	359.16705215192786	361.3384066491276
49.0	1.9955333832165987	359.42381287829835	361.41934626151493
49.125	1.7384821071528567	359.80757907439704	361.5460611815499
49.25	1.4247598807891786	360.2809685637372	361.70572844452636
49.375	1.0858804018257449	360.79567683882857	361.88155724065433
49.5	0.7558873740961192	361.29937690782253	362.05526428191865
49.625	0.4666057817199647	361.7428959050454	362.20950168676535
49.75	0.2439677282479222	362.08575394817285	362.3297216764208
49.875	0.1063228123962035	362.29881625310304	362.40513906549927
50.0	0.06501870064430884	362.3635672869877	362.428585987632
50.125	0.12525900849088742	362.2710942729945	362.3963532814854
50.25	0.2849467432340187	362.0241845258691	362.3091312691031
50.375	0.5322362678130532	361.641077896508	362.1733141643211
50.5	0.8442212023739339	361.1571537370796	362.00137493945357
50.625	1.188296285300748	360.6225592891182	361.81085557441895
50.75	1.526475210809418	360.0955061328108	361.6219813436202
50.875	1.8212731096727064	359.6333352607036	361.45460837037626
51.0	2.0405331110445277	359.2853269497156	361.32586006076014
51.125	2.1599624715472863	359.0889837312746	361.24894620282186
51.25	2.164650671192162	359.0676537533901	361.23230442458225
51.375	2.0512298437605896	359.22700725230965	361.27823709607026
51.5	1.8304740424993027	359.55091928060705	361.38139332310635
51.625	1.5283114372962185	360.0000121450128	361.52832358230904
51.75	1.1831426792819146	360.5159946108993	361.6991372901812
51.875	0.8391541622160229	361.03203018163714	361.87118434385314
52.0	0.5377638263985842	361.48567582349136	362.02343964988995
52.125	0.3104240560742957	361.8295126442931	362.1399367003674
52.25	0.17481465995458023	362.03663509857626	362.2114497585308
52.375	0.13456356334326186	362.1010091131136	362.23557267645685
52.5	0.1818960484227914	362.03355255398367	362.21544860240647
52.625	0.3023936655099068	361.8550005645566	362.1573942300665
52.75	0.4799967861396799	361.5884076106789	362.0684043968186
52.875	0.6996738054961613	361.25536650807896	361.9550403135751
53.0	0.9467379615339396	360.8774432035289	361.82418116506284
53.125	1.2044769161820874	360.47998682224085	361.68446373842295
53.25	1.4525196304862313	360.0944665494439	361.5469861799301
53.375	1.6668221116044062	359.7582095361714	361.4250316477758
53.5	1.8210193931301117	359.51219889945537	361.33321829258546
53.625	1.8894967322211031	359.3963572706628	361.2858540028839
53.75	1.8528562892726352	359.4410794334295	361.2939357227021
53.875	1.704776643922866	359.6565491420269	361.36132578594976
54.0	1.4570955806495955	360.02490455969263	361.4820001403422
54.125	1.1399744095793953	360.5001663290577	361.6401407386371
54.25	0.7966713193453859	361.01646730415496	361.8131386235003
54.375	0.4751675715044116	361.500891157638	361.97605872914244
54.5	0.2192391922897791	361.8869500967534	362.1061892890432
54.625	0.06075293975373705	362.1261831945031	362.1869361342568
54.75	0.01496588997388734	362.195256097841	362.2102219878149
54.875	0.08030540284367015	362.09626651376266	362.17657191660635
55.0	0.24222593996750252	361.8508605698814	362.0930865098489
55.125	0.4787477287796358	361.4918587587194	361.970606487499
55.25	0.7649166706199959	361.0566046231125	361.8215212937325
55.375	1.0747775718313164	360.58409167498417	361.65886924681547
55.5	1.381543714592466	360.11470384160776	361.4962475562002
55.625	1.6577611135411148	359.68983249053383	361.347593604075
55.75	1.8764778300422014	359.3500406388755	361.2265184689177
55.875	2.013485849094955	359.13184989321076	361.1453357423057
56.0	2.0508316896699936	359.06269978815254	361.11353147782256
56.125	1.9808502053063843	359.15492682023455	361.13577702554096
56.25	1.8083228436694547	359.4023684883618	361.2106913320312
56.375	1.5499515673113748	359.7809124011845	361.33086396849586
56.5	1.2329912829137528	360.2502177070174	361.48320898993114
56.625	0.8931776715824703	360.75655953230324	361.6497372038857
56.75	0.5699159448901566	361.24014336602494	361.8100593109151
56.875	0.2996498125723761	361.64542843289394	361.94507824546633
57.0	0.11101116333120063	361.92865607317947	362.0396672365107
57.125	0.0225403375434324	362.061292549625	362.08383288716846
57.25	0.041141720629223694	362.0323776268481	362.0735193474773
57.375	0.16140521758260568	361.8496655757008	362.0110707932834
57.5	0.3675335210020993	361.53678728180245	361.90432080280453
57.625	0.6373184907446593	361.12719136547713	361.76450985622176
57.75	0.9453182560321208	360.6592333202423	361.60455157627445
57.875	1.2635905640738276	360.17498161214843	361.43857217622224
58.0	1.5611225734459755	359.72106189902007	361.28218447246604
58.125	1.8044343578157571	359.3478184476254	361.15225280544115
58.25	1.9611941326578226	359.10401464820325	361.06520878086104
58.375	2.006778482482285	359.0271258072358	361.03390428971807
58.5	1.9314369705074217	359.13263121754267	361.0640681880501
58.625	1.7446102531666443	359.4073426635875	361.1519529167541
58.75	1.47400218755998	359.8103772251943	361.2843794127543
58.875	1.159375348844483	360.28209889212854	361.44147424097304
59.0	0.8432818896239646	360.75800537368514	361.6012872633091
59.125	0.5622858325448736	361.18221518987485	361.74450102241974
59.25	0.34211905594740816	361.5151187464135	361.85723780236094
59.375	0.19813501207304965	361.73288812973465	361.9310231418077
59.5	0.13919214101921806	361.821616599591	361.9608087406102
59.625	0.17121274048521232	361.7718966050458	361.943109345531
59.75	0.29777586562440544	361.57795954573595	361.8757354113604
59.875	0.5178900554455457	361.2411371115232	361.75902716696874
60.0	0.8229180181255591	360.77453908331347	361.59745710143903
60.125	1.194442826057597	360.2061576446936	361.40060047075116
60.25	1.6036679206166722	359.57956739158	361.18323531219664
60.375	2.0122075080690993	358.952651086938	360.96485859500706
60.5	2.3745347827110708	358.3941047015088	360.7686394842199
60.625	2.6431825025295184	357.9759346503858	360.6191171529153
60.75	2.777270006152899	357.7607742750337	360.5380442811866
60.875	2.7526221395867814	357.78646491577945	360.5390870553662
61.0	2.5696068042924187	358.05378931144196	360.62339611573435
61.125	2.2548012907482593	358.523454693256	360.77825598400426
61.25	1.854974792166173	359.1249078267783	360.9798826189445
61.375	1.4254951540780219	359.77391441989494	361.19940957397296
61.5	1.0178858479578983	360.3916404950001	361.409526342958
61.625	0.6711165477058831	360.9181346905933	361.5892512382992
61.75	0.4087507728101118	361.3168783760195	361.72562914882957
61.875	0.24115128632241575	361.5715499558703	361.8127012421927
62.0	0.17010174218295518	361.6790266346155	361.8491283767985
62.125	0.19306177781791153	361.6429163049222	361.8359780827401
62.25	0.3054931276187956	361.46999586740526	361.77548899502403
62.375	0.5010823848091607	361.169746684497	361.67082906930614
62.5	0.770108237393494	360.7566706529548	361.52677889034834
62.625	1.0961854215057814	360.25530975736706	361.3514951788728
62.75	1.452870896125763	359.7057689665466	361.1586398626724
62.875	1.8032663768203014	359.1645521741611	360.9678185509814
63.0	2.1044113185882676	358.69773789280543	360.8021492113937
63.125	2.3147579091877515	358.36943540297636	360.6841933121641
63.25	2.402085718802063	358.2297077008919	360.63179341969396
63.375	2.350468593917142	358.30376650789674	360.65423510181387
63.5	2.1644938403913896	358.58517942843065	360.74967326882205
63.625	1.868460541133625	359.0369486894789	360.9054092306125
63.75	1.5008516891201278	359.6000633754159	361.100915064536
63.875	1.1069946359037408	360.2047934868546	361.31178812275834
64.0	0.7321526902472862	360.7812570654294	361.51340975567666
64.125	0.4156712939529797	361.26847138193574	361.6841426758887
64.25	0.1868206406750841	361.6209245617964	361.8077452024715
64.375	0.06323533173105367	361.8111483556257	361.8743836873567
64.5	0.051889932393388544	361.8282535825522	361.8801435149456
64.625	0.15130851472805548	361.6743804192998	361.8256889340278
64.75	0.353098232094863	361.36216144180673	361.7152596739016
64.875	0.6415412269338365	360.9154921107533	361.55703333768713
65.0	0.9926007190701994	360.3714534403572	361.3640541594274
65.125	1.3754224500986516	359.777980071425	361.1534025215237
65.25	1.756321341757154	359.1871709702995	360.94349231205666
65.375	2.1015452106503916	358.65079152942803	360.7523367400784
65.5	2.3777672517836415	358.21997656697727	360.59774381876093
65.625	2.5544343793794866	357.9420684664482	360.49650284582765
65.75	2.610394080097357	357.8501612887635	360.46055536886087
65.875	2.5399589243747447	357.95322358012703	360.49318250450176
66.0	2.3525841008505384	358.236634436317	360.58921853716754
66.125	2.0680194991233667	358.6700813168699	360.7381008159933
66.25	1.712918747629259	359.2128879176072	360.92580666523645
66.375	1.3203138762974922	359.8145845165124	361.13489839280993
66.5	0.9282869142478243	360.4167149546349	361.3450018688828
66.625	0.5750082784359145	360.96041168097764	361.53541995941356
66.75	0.2922918276541276	361.3963954831935	361.6886873108476
66.875	0.1021129503711423	361.6903579784046	361.79247092877574
67.0	0.016729988464279352	361.8227466144516	361.8394766029159
67.125	0.03913465863975889	361.78829770528733	361.8274323639271
67.25	0.16243708018607064	361.59740688515575	361.7598439653418
67.375	0.37022830990864475	361.27563271376243	361.6458610236711
67.5	0.638907251010054	360.8597014108245	361.49860866183457
67.625	0.940177537452619	360.3933393962219	361.3335169336745
67.75	1.242418446302025	359.9252352880294	361.1676537343314
67.875	1.5121041558671422	359.50710707220446	361.0192112280716
68.0	1.7173868949188995	359.1883084168071	360.905695311726
68.125	1.8339790486409475	359.0065566920586	360.8405357406996
68.25	1.8500483665317422	358.980031600107	360.8300799666387
68.375	1.7666918199498844	359.1066638109385	360.8733556308884
68.5	1.5949383533149801	359.3691986116014	360.9641369649164
68.625	1.3530751090166593	359.7396157410007	361.0926908500174
68.75	1.0657411914886754	360.1803787881022	361.24611997959084
68.875	0.7630686323050854	360.64545215114816	361.40852078345324
69.0	0.47818572018302663	361.0839722767624	361.5621579969454
69.125	0.24308774851920795	361.446548933401	361.6896366819202
69.25	0.08389694783638578	361.69258434572527	361.77648129356163
69.375	0.01699576755161228	361.7964060021236	361.81340176967524
69.5	0.04760444554315647	361.749714268846	361.7973187143891
69.625	0.17110842461931872	361.559606285866	361.7307147104853
69.75	0.37541507411575326	361.24479820241714	361.6202132765329
69.875	0.6423744147812036	360.8333310341941	361.4757054489753
70.0	0.948202855560853	360.36194561210226	361.3101484676631
70.125	1.2642809093683705	359.8748532294532	361.1391341388216
70.25	1.559237544321979	359.42042357962765	360.97966112394965
70.375	1.8021734181650086	359.0461409123494	360.8483143305144
70.5	1.9664823199092738	358.79274454619684	360.75922686610613
70.625	2.033616088235214	358.68848845953335	360.72210454776854
70.75	1.9958164300302812	358.74499841448323	360.7408148445135
70.875	1.8570574739528407	358.9559770747698	360.81303454872267
71.0	1.6323841384480973	359.2984117376367	360.9307958760848
71.125	1.3461953449736257	359.7352330982201	361.0814284431937
71.25	1.029519794126769	360.21929989865026	361.24881969277703
71.375	0.7161391350819153	360.6990900042768	361.4152291393587
71.5	0.43797051262996173	361.1256548339236	361.5636253465536
71.625	0.2208831141380079	361.4591010286608	361.67998414279884
71.75	0.0822675993499685	361.6724560896535	361.75472368900347
71.875	0.03063810003174361	361.7523471750637	361.7829852750954
72.0	0.06625933129734043	361.69808401503974	361.76434334633706
72.125	0.18184207179702092	361.52071419838757	361.7025562701846
72.25	0.363343850759669	361.2419093418934	361.6052531926531
72.375	0.591170234776045	360.8920637177523	361.48323395252834
72.5	0.8415372259335749	360.507982004191	361.34951923012454
72.625	1.087721080035059	360.13075319006975	361.2184742701048
72.75	1.3016297595378443	359.80329753820746	361.1049272977453
72.875	1.456550336400265	359.56628921417115	361.0228395505714
73.0	1.5313069488419515	359.45196666846596	360.98327361730793
73.125	1.514687831705491	359.4774226378729	360.9921104695784
73.25	1.4080944584796526	359.6405034333336	361.04859789181324
73.375	1.225180529210833	359.9203294253532	361.14550995456403
73.5	0.9891423913244491	360.28145124328745	361.2705936346119
73.625	0.7291064409520172	360.67935426249335	361.40846070344537
73.75	0.47635512613660613	361.06618836704155	361.54254349317813
73.875	0.260618592787146	361.3964312775345	361.6570498703216
74.0	0.10675164526860195	361.63197583735604	361.73872748262465
74.125	0.0320444072701631	361.7462574258572	361.7783018331274
74.25	0.044436551747078376	361.72706888173883	361.7715054334859
74.375	0.14225606013301564	361.5771003168791	361.71935637701216
74.5	0.3158048699736727	361.31158291148665	361.6273877814603
74.625	0.5498455510161182	360.95438331314955	361.50422886416567
74.75	0.8252320722351962	360.535285195793	361.3605172680282
74.875	1.1188762585640826	360.08984597200305	361.2087222305671
75.0	1.403229477607979	359.6601202638769	361.06334974148484
75.125	1.6473725185814438	359.29303325417294	360.9404057727544
75.25	1.8207465762803505	359.0348020005573	360.85554857683763
75.375	1.8988839542502205	358.92236582562424	360.82124977987445
75.5	1.8693807698859426	358.9743903271703	360.8437710970562
75.625	1.7356087745034237	359.1855647635284	360.92117353803184
75.75	1.516052037836773	359.52752181484055	361.04357385267735
75.875	1.2396242405327267	359.95596620794606	361.1955904484788
76.0	0.9396946212337826	360.4197985897781	361.3594932110119
76.125	0.6491432985411391	360.86862191672446	361.5177652152656
76.25	0.39689184312698716	361.2580127169315	361.65490456005847
76.375	0.2056429729665823	361.5530340553938	361.7586770283604
76.5	0.0907900063305966	361.73002258159136	361.820812587922
76.625	0.06033429183935992	361.77683835429684	361.8371726461362
76.75	0.11540307468641241	361.6921537164836	361.80755679117
76.875	0.2510182353192596	361.4842539834975	361.73527221881676
77.0	0.45667100704742847	361.1700012648594	361.62667227190684
77.125	0.7160989511204897	360.7749678170317	361.4910667681522
77.25	1.0063566552110372	360.33471967628356	361.3410763314946
77.375	1.2975495310748584	359.8951662211638	361.19271575223866
77.5	1.5548224782436693	359.50948975641967	361.06431223466336
77.625	1.7430298104016433	359.2310333357716	360.97406314617325
77.75	1.8333169153911013	359.10336234754453	360.9366792629356
77.875	1.810024342916037	359.1498470071952	360.95987135011126
78.0	1.6754306990416403	359.36646701374247	361.0418977127841
78.125	1.4498687390611373	359.72164331185945	361.17151205092057
78.25	1.1668383892449556	360.1637422527171	361.33058064196206
78.375	0.8654058607408541	360.6327250021223	361.49813086286315
78.5	0.5829095851653134	361.07127992721627	361.6541895123816
78.625	0.3497988577593465	361.43268796650517	361.78248682426454
78.75	0.18712625681836653	361.6846908222248	361.8718170790432
78.875	0.10654565636837399	361.80958715333736	361.91613280970574
79.0	0.11213679889695702	361.80152941692927	361.91366621582625
79.125	0.20281746749348858	361.66284705468973	361.86566452218324
79.25	0.3739373875032405	361.40152160959764	361.7754589971009
79.375	0.6171162948056074	361.0312897823063	361.64840607711193
79.5	0.9184010630222367	360.57433254394255	361.4927336069648
79.625	1.2559927077354385	360.06465038347324	361.3206430912087
79.75	1.5993574505419603	359.5493054119926	361.14866286253454
79.875	1.9110318945491531	359.0855437747784	360.9965756693275
80.0	2.1513745853770843	358.7335092195162	360.88488380489326
#  end
