# dt=0.125 eps=0.5 size1_sp=32 size2_sp=32 size_v1=32 size_v2=32
# sp1 : from 0.0 to 12.566370614359172
# sp2 : from 0.0 to 12.566370614359172
# v1 : from -6.0 to 6.0
# v2 : from -6.0 to 6.0
# interpolation : Lagrange{Double64, true} order=5
# type=Double64 precision = 106
# timeopt=MPIOpt
# nb process : 8
typeof(data)=Array{Double64,4} size(data)=(32, 32, 32, 32)
#time	el-energy	kinetic-energy	global-energy
0.0	162.84847081532047	157.91363816690782	320.76210898222826
0.125	159.36500539107936	161.43461307073508	320.7996184618145
0.25	149.27436524017315	171.81515040182882	321.08951564200197
0.375	133.5987480877782	188.48728352761944	322.08603161539764
0.5	113.86841489450562	210.45471650293476	324.32313139744036
0.625	91.90800257092073	236.27476588948838	328.18276846040914
0.75	69.60874466934695	264.11053604517355	333.7192807145205
0.875	48.72279268227608	291.87325291129656	340.5960455935727
1.0	30.700484386654967	317.4412956027683	348.14177998942324
1.125	16.578241289049235	338.91718242863806	355.4954237176873
1.25	6.917816975624123	354.87301346187775	361.7908304375019
1.375	1.7956316622006974	364.53724315555365	366.3328748177544
1.5	0.8396405462050243	367.8876188665539	368.72725941275894
1.625	3.3076660640027793	365.6329425908453	368.94060865484806
1.75	8.196833968132362	359.0853077352477	367.28214170338003
1.875	14.371798871525003	349.94207977974736	364.3138786512723
2.0	20.699487113702176	340.01492292886275	360.7144100425649
2.125	26.177138776624645	330.9594496237236	357.1365884003482
2.25	30.038392420210748	324.0614331953242	354.09982561553494
2.375	31.822762065230975	320.1155316867768	351.9382937520078
2.5	31.399650511074782	319.40001551110805	350.7996660221828
2.625	28.94707243531419	321.7258882085603	350.67296064387455
2.75	24.893249836895553	326.5315777840787	351.42482762097427
2.875	19.8334261593055	333.0007645187917	352.8341906780972
3.0	14.434810059200077	340.19036174119736	354.6251718003975
3.125	9.341495453469506	347.1605179080589	356.50201336152844
3.25	5.0902667779847635	353.097098872884	358.18736565086874
3.375	2.0474887773331765	357.412746967949	359.46023574528215
3.5	0.37539169783360454	359.8107214489864	360.18611314682
3.625	0.031728744716025103	360.3000467206548	360.3317754653708
3.75	0.8005137322089003	359.1604272320013	359.96094096421024
3.875	2.3455479398062606	356.8667414310749	359.21228937088114
4.0	4.274946659928775	353.99111135356134	358.2660580134901
4.125	6.204656190377481	351.10306288708745	357.3077190774649
4.25	7.8112907793394	348.6855413840775	356.4968321634169
4.375	8.868181092008179	347.07812512231243	355.9463062143206
4.5	9.262177392561584	346.4514285620884	355.71360595464995
4.625	8.991867942901903	346.8105432468996	355.80241118980155
4.75	8.15025217693706	348.0214408353769	356.17169301231394
4.875	6.896554747350603	349.85244627948083	356.7490010268315
5.0	5.42279299240254	352.0225096023123	357.44530259471486
5.125	3.9208352492211356	354.2485307347923	358.16936598401344
5.25	2.554919212117908	356.28525667645386	358.84017588857176
5.375	1.4430290022480776	357.9532065684225	359.39623557067057
5.5	0.6485173354115504	359.15245337574953	359.8009707111611
5.625	0.1814120861789511	359.8624977467833	360.04390983296224
5.75	0.007383398736641517	360.13050146394284	360.13788486267947
5.875	0.06153203262493428	360.05156463909367	360.11309667171855
6.0	0.2639543790092649	359.7454666526891	360.00942103169837
6.125	0.5343617217385752	359.3341821414104	359.86854386314894
6.25	0.803719117455068	358.9235434252767	359.72726254273175
6.375	1.0216465156768213	358.59131535828675	359.61296187396357
6.5	1.1591664383829607	358.3825686126939	359.5417350510769
6.625	1.2074134765457167	358.3114875930089	359.51890106955466
6.75	1.1735408748698453	358.3675548354344	359.54109571030426
6.875	1.075180268881364	358.5240441236972	359.5992243925786
7.0	0.9349427951765203	358.74642441558257	359.6813672107591
7.125	0.7756467556452222	358.9994328711597	359.77507962680494
7.25	0.6162519607025699	359.2534205741296	359.8696725348322
7.375	0.46983474555179117	359.488109487008	359.9579442325598
7.5	0.34451323622675123	359.6910771175156	360.03559035374235
7.625	0.24448046331757026	359.8552030502041	360.0996835135217
7.75	0.16908746764565544	359.98032786218084	360.1494153298265
7.875	0.11348949786677583	360.07372102934	360.1872105272068
8.0	0.07284367165528674	360.1435194582587	360.216363129914
8.125	0.04484223486553997	360.193148040978	360.2379902758435
8.25	0.027274179715532545	360.22495868949136	360.2522328692069
8.375	0.01599015348578246	360.2450001418773	360.26099029536306
8.5	0.007518942259037027	360.2593838458578	360.26690278811685
8.625	0.002019524539567616	360.2685677195863	360.27058724412586
8.75	0.002804277234786321	360.26736702145104	360.27017129868585
8.875	0.014101079357809269	360.24791881927115	360.262019898629
9.0	0.03651934552201776	360.2067186036952	360.24323794921725
9.125	0.06227561169334799	360.155141965247	360.21741757694036
9.25	0.08188923052163781	360.11250599378263	360.1943952243043
9.375	0.10101514504364806	360.07609376045895	360.17710890550256
9.5	0.1405365859162614	360.01253361226696	360.15307019818323
9.625	0.20944093942787206	359.9001621672261	360.10960310665394
9.75	0.28618952382072294	359.7688531231213	360.055042646942
9.875	0.34172082836578294	359.6708851563223	360.01260598468804
10.0	0.3770598597269107	359.6134537692389	359.9905136289658
10.125	0.41915452369882594	359.55173257702256	359.97088710072137
10.25	0.474564171143108	359.4638536706828	359.9384178418259
10.375	0.507932568385596	359.40045008772114	359.9083826561067
10.5	0.4829656711867698	359.4271931284235	359.91015879961026
10.625	0.4107496704317819	359.5364999366883	359.94724960712006
10.75	0.3357182126287322	359.6565277858855	359.99224599851425
10.875	0.28170299429833556	359.7406924332084	360.0223954275067
11.0	0.23556077753780832	359.8054282334009	360.04098901093874
11.125	0.18096601721615851	359.8792420814684	360.0602080986846
11.25	0.12295632702239659	359.9571892718908	360.0801455989132
11.375	0.07370115677904084	360.0206431663307	360.09434432310974
11.5	0.03660464095527294	360.06660963590895	360.1032142768642
11.625	0.01918234256272577	360.0883690095763	360.10755135213907
11.75	0.047994017774413034	360.0453266198757	360.09332063765015
11.875	0.14991837341170183	359.8868577518069	360.0367761252186
12.0	0.31392847649048944	359.6158271824752	359.9297556589657
12.125	0.47809514599662994	359.3194693812324	359.79756452722904
12.25	0.5622585842105278	359.12812821746667	359.6903868016772
12.375	0.5263050121824351	359.1249107449393	359.65121575712175
12.5	0.41234397063929146	359.26687415624946	359.67921812688877
12.625	0.33132666069053307	359.3865475189674	359.71787417965794
12.75	0.38513566004522165	359.30496723229686	359.69010289234205
12.875	0.5726154496644308	358.9901429733806	359.56275842304507
13.0	0.7660951585201556	358.61925782152343	359.3853529800436
13.125	0.801376842431447	358.4599578802338	359.26133472266525
13.25	0.6177268239641631	358.6462345085591	359.26396133252325
13.375	0.32158420894855305	359.04561049334194	359.3671947022905
13.5	0.1070340755584771	359.3577045432969	359.4647386188554
13.625	0.0993597410356368	359.3624910715046	359.46185081254026
13.75	0.2602322063594474	359.08991147157565	359.35014367793514
13.875	0.4321557666281568	358.7732724921246	359.20542825875276
14.0	0.4730382316837515	358.6471280299522	359.120166261636
14.125	0.36156171245506324	358.7679604628341	359.12952217528914
14.25	0.19309198128484528	359.00010107562804	359.19319305691283
14.375	0.08636503851727105	359.1551574676388	359.24152250615606
14.5	0.09205856436819597	359.142212122179	359.2342706865472
14.625	0.176507099956435	359.0041543549255	359.18066145488194
14.75	0.27367653830343214	358.8419711562607	359.1156476945641
14.875	0.34225434790115306	358.72238541217456	359.06463976007575
15.0	0.3804503695983163	358.6492424004098	359.0296927700081
15.125	0.4042962210116883	358.59635049782634	359.000646718838
15.25	0.4233416187320768	358.54752250239	358.9708641211221
15.375	0.433410341783916	358.5095832864126	358.94299362819646
15.5	0.42324744640150636	358.5026531242937	358.9259005706952
15.625	0.386283423028528	358.5411472844955	358.92743070752397
15.75	0.3291716404926699	358.61795693094786	358.9471285714405
15.875	0.26884179396758523	358.7068132428885	358.97565503685604
16.0	0.22086525994274464	358.78100003728105	359.00186529722384
16.125	0.19240519257790398	358.82645749632366	359.01886268890155
16.25	0.18444488127794273	358.83943717525415	359.0238820565321
16.375	0.19613856600937948	358.81977600997396	359.01591457598335
16.5	0.22706032563019415	358.7671687607347	358.9942290863649
16.625	0.27817112604017563	358.6789888758435	358.95716000188366
16.75	0.35043647822986884	358.5516649046392	358.9021013828691
16.875	0.441115861642942	358.38648438943034	358.82760025107325
17.0	0.541014165641095	358.19445270684963	358.73546687249075
17.125	0.6331570535644316	357.9988634883284	358.6320205418928
17.25	0.6913274577456197	357.8390814065423	358.5304088642879
17.375	0.6844784517681994	357.76756025975726	358.45203871152546
17.5	0.5976304690243742	357.8211268967303	358.41875736575463
17.625	0.46355448727698373	357.96890604415387	358.4324605314308
17.75	0.37416850782082645	358.08257961965154	358.4567481274724
17.875	0.44247041121992575	357.9832896443513	358.42576005557123
18.0	0.7295865622308972	357.5553130182796	358.28489958051046
18.125	1.1970536316146005	356.83331058511214	358.03036421672675
18.25	1.728088562063383	355.981420935524	357.70950949758736
18.375	2.1863184529220376	355.2017769824819	357.38809543540395
18.5	2.4461607773746366	354.6830294704342	357.12919024780876
18.625	2.396916086070012	354.60140953178563	356.9983256178557
18.75	1.9856624929404367	355.06594359610267	357.0516060890431
18.875	1.298674915445944	355.98439076361535	357.2830656790613
19.0	0.5778118356244752	357.0103040597363	357.5881158953608
19.125	0.10739616755407648	357.7020729564239	357.809469123978
19.25	0.05432805330523098	357.7779462823695	357.83227433567475
19.375	0.39447403348093285	357.2459925670323	357.64046660051326
19.5	0.958279617612942	356.34674909165705	357.30502870926995
19.625	1.5265864655929402	355.41089492008655	356.93748138567946
19.75	1.9107939013233644	354.7352234152712	356.64601731659457
19.875	2.0065099986819934	354.49635192193705	356.502861920619
20.0	1.82342468962349	354.69729477784534	356.52071946746884
20.125	1.47480909411714	355.17559336573004	356.6504024598472
20.25	1.1218507786899519	355.68589569542473	356.80774647411465
20.375	0.904387167268977	356.00816321075735	356.9125503780263
20.5	0.8954773515575121	356.0204519722102	356.91592932376767
20.625	1.08963063469629	355.7202245741499	356.80985520884616
20.75	1.4158238256426223	355.2082181082593	356.62404193390194
20.875	1.7680855937238409	354.644335103238	356.4124206969618
21.0	2.043236539614839	354.18900896924964	356.2322455088645
21.125	2.16750401080765	353.9592290533247	356.12673306413234
21.25	2.1044322376697586	354.01462487400937	356.1190571116791
21.375	1.8549011541690958	354.3577082545322	356.21260940870127
21.5	1.4581400428004156	354.93225826472104	356.3903983075214
21.625	0.9879647300512409	355.6277317169689	356.6156964470202
21.75	0.5373004131768043	356.30199432347047	356.8392947366473
21.875	0.1962205769088093	356.8155665620608	357.0117871389696
22.0	0.03360870438840989	357.0609153293961	357.0945240337845
22.125	0.08522820949431868	356.9811670574089	357.0663952669032
22.25	0.3454572330594891	356.5824970969525	356.92795433001197
22.375	0.7632262485564983	355.9403656628509	356.70359191140744
22.5	1.2479965940371278	355.19140012578464	356.43939671982173
22.625	1.6911816234242736	354.5022581432404	356.19343976666465
22.75	2.000859537951263	354.0171490860077	356.0180086239589
22.875	2.1367206207345726	353.80231971526354	355.93904033599813
23.0	2.1255984789398634	353.81848529862486	355.9440837775647
23.125	2.0447951395480923	353.9443882368923	355.9891833764404
23.25	1.980539115648593	354.0422972455809	356.0228363612295
23.375	1.986194305659711	354.0261847334821	356.0123790391419
23.5	2.063992825134223	353.8932468424909	355.9572396676251
23.625	2.176936891209158	353.7055141019613	355.88245099317044
23.75	2.2762288585039405	353.54242217776516	355.8186510362691
23.875	2.3198448894857036	353.46576405496796	355.7856089444537
24.0	2.2713876254888277	353.5212901822857	355.79267780777457
24.125	2.0944065812767256	353.75546898135354	355.84987556263025
24.25	1.765505563269856	354.20457458760296	355.97008015087283
24.375	1.3052959218653444	354.84867870600823	356.15397462787354
24.5	0.7962202469237413	355.57641886842686	356.37263911535064
24.625	0.36037626490411034	356.20974153894065	356.5701178038447
24.75	0.10800824698634423	356.58042955039383	356.6884377973802
24.875	0.09437781663156584	356.6001795912513	356.6945574078828
25.0	0.3111689136772034	356.27895677355406	356.59012568723125
25.125	0.7079108640815183	355.694414352307	356.40232521638853
25.25	1.2206783402520676	354.9463917625526	356.16707010280464
25.375	1.7883989873013897	354.12861281045167	355.91701179775305
25.5	2.353173190000846	353.32663916020783	355.6798123502087
25.625	2.8563076434396586	352.6255056063076	355.4818132497473
25.75	3.242920196813293	352.1055298447192	355.34845004153243
25.875	3.4754059947672458	351.8230924362602	355.2984984310275
26.0	3.5441953276419573	351.79274822544164	355.3369435530836
26.125	3.4646713577608708	351.98930842082	355.45397977858084
26.25	3.2621973768806365	352.3702955883203	355.6324929652009
26.375	2.960466315498911	352.896454526595	355.85692084209387
26.5	2.584759654777554	353.52923759138406	356.11399724616166
26.625	2.172120073801213	354.21355112807385	356.3856712018751
26.75	1.7682941311746452	354.8780468159738	356.6463409471484
26.875	1.4067398783097567	355.46678460177816	356.87352448008795
27.0	1.0939407010955433	355.9673616211375	357.061302322233
27.125	0.8244789882233765	356.3923662390283	357.2168452272517
27.25	0.6092376923264259	356.7324838708846	357.341721563211
27.375	0.4770005292540791	356.9466317900576	357.4236323193117
27.5	0.44435924285749484	357.00677270964627	357.4511319525038
27.625	0.4924465777035044	356.938752145045	357.4311987227485
27.75	0.5775570446021193	356.810153564547	357.38771060914917
27.875	0.6578645821086877	356.68828755529796	357.34615213740665
28.0	0.7054495837937711	356.6186708375513	357.324120421345
28.125	0.701820479350825	356.63150610541834	357.33332658476917
28.25	0.6382872335852144	356.74285194885726	357.3811391824425
28.375	0.5285762990970705	356.9352827025739	357.4638590016709
28.5	0.4153229168652192	357.1452609107067	357.560583827572
28.625	0.354207819657611	357.28507905757453	357.6392868772321
28.75	0.38546096113124817	357.2866269022574	357.67208786338864
28.875	0.515682360962322	357.13089067414944	357.6465730351117
29.0	0.7198655091928882	356.846457420347	357.56632292953987
29.125	0.9563637697454764	356.4879572021356	357.4443209718811
29.25	1.1852044204495766	356.10952854321283	357.2947329636624
29.375	1.3852427652355108	355.7397716268459	357.12501439208137
29.5	1.565998649136687	355.3639576605857	356.9299563097224
29.625	1.7683572085633699	354.9225652824945	356.69092249105785
29.75	2.051569919259345	354.3304788805455	356.38204879980486
29.875	2.470791487148042	353.51046275211297	355.981254239261
30.0	3.0540246224902736	352.4271543448951	355.48117896738535
30.125	3.7871677617248523	351.10876195752473	354.8959297192496
30.25	4.612513080179739	349.6488427488608	354.26135582904055
30.375	5.4417361106151105	348.186908373599	353.62864448421413
30.5	6.179382544526753	346.8734327375616	353.0528152820884
30.625	6.747967402924265	345.83202379689254	352.5799911998168
30.75	7.104691025949453	345.13368291754824	352.2383739434977
30.875	7.244381040225272	344.79152922233874	352.035910262564
31.0	7.190254119075677	344.77389600386596	351.96415012294165
31.125	6.978744429317508	345.02669015506325	352.00543458438074
31.25	6.645242467380582	345.494962751411	352.14020521879155
31.375	6.215276141967953	346.1368266762094	352.3521028181774
31.5	5.70238942931222	346.9274090104772	352.62979843978945
31.625	5.111534583194808	347.8541847482119	352.96571933140666
31.75	4.445928875150161	348.9066745175301	353.3526033926803
31.875	3.7148918102795525	350.0645846621101	353.77947647238966
32.0	2.9399932498680768	351.28897235549084	354.2289656053589
32.125	2.158131043265875	352.51857644234155	354.67670748560744
32.25	1.421134048456011	353.6712012188511	355.09233526730713
32.375	0.7901514362531566	354.652315374853	355.44246681110616
32.5	0.323777131694695	355.37299676338523	355.69677389507996
32.625	0.06460292809773363	355.770575779156	355.8351787072537
32.75	0.03210416971492491	355.81945557277874	355.85155974249363
32.875	0.2242499479728351	355.5280000383901	355.7522499863629
33.0	0.6231071617845118	354.92874369817764	355.55185085996214
33.125	1.1994119770251237	354.07077737533086	355.27018935235594
33.25	1.9150081771189915	353.0156369491216	354.9306451262406
33.375	2.723988609018688	351.8350032242072	354.5589918332259
33.5	3.57284565966691	350.6098005862094	354.18264624587636
33.625	4.400090108158134	349.4306136445696	353.83070375272774
33.75	5.137712210011252	348.39609629136555	353.5338085013768
33.875	5.716830717976822	347.60504332138623	353.3218740393631
34.0	6.075687371700405	347.14432648553884	353.2200138572392
34.125	6.166336054301753	347.0791559748075	353.2454920291093
34.25	5.961047313037314	347.44507983246285	353.4061271455002
34.375	5.461466933144695	348.23611841222345	353.6975853453681
34.5	4.707115434691993	349.39251244839664	354.09962788308866
34.625	3.7752649346313514	350.8001275661977	354.5753925008291
34.75	2.7699802278129217	352.30606006060583	355.07604028841877
34.875	1.8061304632586177	353.74207717776045	355.5482076410191
35.0	0.994232561073059	354.9466351035244	355.9408676645975
35.125	0.4269139511105586	355.7844808128399	356.21139476395047
35.25	0.16654017442781227	356.16541212094245	356.3319522953703
35.375	0.23710397275631676	356.05772653930796	356.29483051206427
35.5	0.6247827509988668	355.4883912226361	356.11317397363496
35.625	1.286716268469931	354.529286169352	355.8160024378219
35.75	2.16128961376903	353.27956618767286	355.4408558014419
35.875	3.173170013908611	351.85582879550896	355.0289988094176
36.0	4.233417538077572	350.3911762657229	354.62459380380045
36.125	5.241332653432761	349.0332583998434	354.2745910532762
36.25	6.093313407320034	347.9322958044037	354.02560921172375
36.375	6.697174140171805	347.2205270665899	353.9177012067617
36.5	6.985900618865052	346.9920165334998	353.97791715236485
36.625	6.926423698928617	347.28984531478284	354.21626901371144
36.75	6.523085598090272	348.1013466997044	354.6244322977946
36.875	5.8169835772102285	349.3593853452201	355.1763689224303
37.0	4.881409054978393	350.94916880470817	355.83057785968657
37.125	3.813334285591294	352.72076984766915	356.5341041332604
37.25	2.721924276695613	354.50614360849926	357.22806788519483
37.375	1.7157701246774426	356.13830206831005	357.8540721929875
37.5	0.8905097251942253	357.470223961291	358.3607336864852
37.625	0.31827520252022057	358.39125262894703	358.70952783146726
37.75	0.04007290302892635	358.8391336248007	358.8792065278296
37.875	0.06179490227259107	358.80649004641884	358.86828494869144
38.0	0.3543932448162031	358.3408249750678	358.695218219884
38.125	0.8586272120996324	357.5369905774832	358.39561778958284
38.25	1.494157699081039	356.5229541271475	358.01711182622853
38.375	2.1716685864150294	355.4406021490828	357.6122707354978
38.5	2.805735416830623	354.4253309300452	357.2310663468759
38.625	3.325748641631924	353.58875452911576	356.9145031707477
38.75	3.6825762814945047	353.00820873045143	356.69078501194593
38.875	3.8500555537311842	352.72451448198535	356.5745700357166
39.0	3.8224771216637476	352.7462019030873	356.568679024751
39.125	3.6106803553723443	353.0560587415204	356.66673909689274
39.25	3.2390628916104083	353.6162318761864	356.8552947677968
39.375	2.7440188790211653	354.3708231881148	357.11484206713595
39.5	2.1725927926721655	355.2477413818007	357.4203341744729
39.625	1.5797600957140123	356.1624183377163	357.7421784334303
39.75	1.023590954458395	357.02479893365995	358.0483898881184
39.875	0.5585698041451873	357.7493523265307	358.3079221306759
40.0	0.22810505153630287	358.2666505588763	358.49475561041254
40.125	0.05796746006162913	358.533929847173	358.59189730723466
40.25	0.05264164819096441	358.54151598271017	358.5941576309011
40.375	0.19580889624454784	358.31293275245156	358.50874164869606
40.5	0.4547309549954954	357.89854919287734	358.35328014787285
40.625	0.7868840842363991	357.365228510465	358.1521125947014
40.75	1.146576095695174	356.78553997485585	357.93211607055105
40.875	1.4902367639690026	356.2289405406997	357.7191773046687
41.0	1.7807701410662575	355.7546306080968	357.53540074916305
41.125	1.9914456253695942	355.4052812376761	357.39672686304567
41.25	2.108163631883931	355.20334768036804	357.311511312252
41.375	2.12853017103147	355.1524993893307	357.28102956036224
41.5	2.0583121156332305	355.2433644032831	357.3016765189164
41.625	1.9078684076644108	355.459444978037	357.36731338570144
41.75	1.6905950151375255	355.77986063909617	357.4704556542337
41.875	1.4233053272497194	356.17892401002564	357.6022293372754
42.0	1.1270059334585238	356.6248491568181	357.7518550902766
42.125	0.8264034391241866	357.0801611376824	357.9065645768066
42.25	0.5474084003959702	357.50514095538983	358.0525493557858
42.375	0.31335242316567546	357.86349464982743	358.1768470729931
42.5	0.14157679338759394	358.1277817095012	358.26935850288885
42.625	0.04169253319522447	358.28240063089163	358.3240931640869
42.75	0.01556238287980966	358.32379344778803	358.33935583066784
42.875	0.05812818912842702	358.25920278485586	358.31733097398427
43.0	0.15835557155803412	358.1051096428958	358.26346521445384
43.125	0.3003515542750666	357.8855550695007	358.18590662377574
43.25	0.4650559173696504	357.6295974567538	358.0946533741235
43.375	0.6324206717413885	357.36789604592184	358.0003167176632
43.5	0.7834710148062703	357.1294164444311	357.9128874592374
43.625	0.9018783627082656	356.93899734016225	357.8408757028705
43.75	0.9752334970546581	356.8155450163335	357.79077851338815
43.875	0.9962320542245607	356.77040933169235	357.76664138591696
44.0	0.9635625959996192	356.80610894338895	357.7696715393885
44.125	0.8820486117928705	356.9160451512488	357.79809376304166
44.25	0.7617880183962146	357.08566774761647	357.8474557660127
44.375	0.6165024415608685	357.2948696729881	357.91137211454895
44.5	0.4617258137373725	357.52068394892615	357.98240976266356
44.625	0.3134331567987421	357.7392985116729	358.05273166847167
44.75	0.187141031604428	357.9272871502556	358.11442818186003
44.875	0.09695310729900078	358.0629183358756	358.1598714431746
45.0	0.05417164327076078	358.12827763008664	358.1824492733574
45.125	0.06581846277880053	358.11175356590644	358.17757202868523
45.25	0.13374520393199438	358.00973178908697	358.14347699301896
45.375	0.25448772636321615	357.82689899487184	358.08138672123505
45.5	0.41941140818739703	357.5759609027458	357.9953723109332
45.625	0.6148439866021694	357.27729558582155	357.89213957242373
45.75	0.8224523613476197	356.95820376178693	357.7806561231346
45.875	1.020313475942479	356.6511701360149	357.6714836119574
46.0	1.1849959972107718	356.39078787257915	357.5757838697899
46.125	1.2948658614956252	356.20912331537914	357.50398917687477
46.25	1.3344590065553896	356.1296230900971	357.4640820966525
46.375	1.2987460451919735	356.1609549527506	357.4597009979426
46.5	1.1950903056813107	356.29378611492666	357.488876420608
46.625	1.041103633912816	356.5033281339854	357.54443176789823
46.75	0.8589449883796481	356.75733091298696	357.61627590136663
46.875	0.6691931869661922	357.0252170818038	357.69441026877
47.0	0.4877025099328549	357.28316550196377	357.7708680118966
47.125	0.3263170460695279	357.5134219666001	357.8397390126696
47.25	0.19527933465401473	357.7007684494772	357.89604778413127
47.375	0.10431925594329405	357.83070065876575	357.9350199147091
47.5	0.06121529246542632	357.89138116027453	357.95259645273995
47.625	0.06912673688329969	357.87756128492146	357.9466880218048
47.75	0.12490369700787368	357.793076355476	357.91798005248387
47.875	0.21944570500173544	357.6503459617403	357.869791666742
48.0	0.33954394869345156	357.4677342733152	357.8072782220087
48.125	0.4700730799752344	357.26658478969426	357.7366578696695
48.25	0.5958915453618723	357.06881619774526	357.6647077431071
48.375	0.7033351019788006	356.8949755187953	357.59831062077416
48.5	0.7812038542297228	356.76267119108985	357.54387504531957
48.625	0.8211265951113521	356.6856128551717	357.506739450283
48.75	0.8176503653259268	356.67301274442815	357.4906631097541
48.875	0.7688445291539688	356.7284366427255	357.4972811718795
49.0	0.6777156120605321	356.84774531563227	357.5254609276928
49.125	0.5534746130268167	357.0174532241834	357.5709278372102
49.25	0.41113458961946686	357.2155968578851	357.62673144750454
49.375	0.2689923310801393	357.4156014969259	357.68459382800603
49.5	0.1451863375124525	357.59125515882636	357.7364414963388
49.625	0.05492552443100126	357.7204622912817	357.7753878157127
49.75	0.009046782468270368	357.78700950730445	357.7960562897727
49.875	0.013660758071034895	357.7809497773891	357.79461053546015
50.0	0.07038226026776402	357.6984035386585	357.7687857989263
50.125	0.1765253402378744	357.54146468685695	357.71799002709486
50.25	0.3246484208993468	357.31924901674677	357.6438974376461
50.375	0.5015097956716729	357.0498229852391	357.55133278091074
50.5	0.6876283663326387	356.761233536046	357.44886190237867
50.625	0.8590900867647743	356.48909712967475	357.34818721643956
50.75	0.9922390412767623	356.26967191353043	357.26191095480715
50.875	1.0699569567559246	356.13028255283683	357.20023950959273
51.0	1.0867714999681128	356.081261482552	357.1680329825201
51.125	1.0502123060388613	356.1133969373092	357.163609243348
51.25	0.9775977092191329	356.20226934359954	357.1798670528186
51.375	0.8896241931665423	356.3175590728568	357.2071832660233
51.5	0.8034574693734795	356.4333606801571	357.2368181495305
51.625	0.7279306907652464	356.53559512400096	357.2635258147662
51.75	0.662312930972067	356.6242552494798	357.28656818045187
51.875	0.598710847754015	356.7102822623247	357.30899311007875
52.0	0.5270484831026447	356.80849200702033	357.335540490123
52.125	0.44085593681991225	356.9290009566928	357.36985689351275
52.25	0.34178851654634146	357.07021095982964	357.41199947637597
52.375	0.24105611511267017	357.21614317519055	357.4571992903032
52.5	0.15696277783554458	357.3395837115006	357.49654648933614
52.625	0.10932535787677135	357.4101903757525	357.5195157336293
52.75	0.11291580801986843	357.4044809824197	357.5173967904396
52.875	0.17246975658507394	357.3138130299095	357.4862827864946
53.0	0.2809966527331107	357.14750947496884	357.42850612770195
53.125	0.4215720675954753	356.9305845257742	357.35215659336967
53.25	0.5713889982222717	356.6977412686334	357.2691302668557
53.375	0.7063959615128141	356.4861699186271	357.1925658801399
53.5	0.8053974017446182	356.3290103947535	357.1344077964981
53.625	0.8532742233381463	356.2501405325098	357.10341475584795
53.75	0.8432806274690687	356.2604320877004	357.1037127151694
53.875	0.778187081949024	356.3558596486483	357.1340467305973
54.0	0.6698274501779726	356.51815434798453	357.1879817981625
54.125	0.536779363437796	356.7184433980948	357.2552227615326
54.25	0.4005114040673759	356.9233482123903	357.32385961645764
54.375	0.2809762250105338	357.10198078024865	357.3829570052592
54.5	0.19285551089491684	357.23187859005304	357.424734100948
54.625	0.14341330351346626	357.30235556694174	357.4457688704552
54.75	0.13241827752125682	357.3145136920911	357.44693196961236
54.875	0.15403072437712717	357.278112395493	357.43214311987015
55.0	0.20002050343386282	357.20636189424664	357.40638239768055
55.125	0.2632975519329003	357.11029073897043	357.37358829090334
55.25	0.34058150983262486	356.9945478360667	357.33512934589936
55.375	0.4331745728836749	356.8562746676804	357.28944924056407
55.5	0.545294079789011	356.68787198344955	357.23316606323857
55.625	0.6802582301907142	356.48309475408297	357.1633529842737
55.75	0.835804630955276	356.2445359463778	357.0803405773331
55.875	1.0005409939133307	355.9892664663015	356.9898074602148
56.0	1.1534904723364376	355.7495988830451	356.90308935538155
56.125	1.2677100332068258	355.56747242280926	356.83518245601607
56.25	1.3173477997553957	355.48346049557176	356.80080829532716
56.375	1.2859395698630398	355.52382294555616	356.8097625154192
56.5	1.1728896320725812	355.69033984422754	356.8632294763001
56.625	0.9953373192075828	355.9572550000528	356.95259231926036
56.75	0.7840882974203591	356.2773841888242	357.0614724862446
56.875	0.5746851469707208	356.5957838728732	357.17046901984395
57.0	0.3970191931109882	356.86582260605496	357.2628417991659
57.125	0.2677637581596118	357.061121618709	357.32888537686864
57.25	0.18856626098172455	357.1787699059442	357.3673361669259
57.375	0.14994698264822845	357.233663180001	357.38361016264923
57.5	0.13800752083900114	357.2481290528739	357.38613657371286
57.625	0.1402369741470981	357.2425104324208	357.38274740656783
57.75	0.1482503147980454	357.23032509766676	357.3785754124648
57.875	0.15763494234149864	357.2180570312293	357.3756919735708
58.0	0.1664536855552957	357.2074665032153	357.3739201887706
58.125	0.17391889842900002	357.19808802933176	357.37200692776076
58.25	0.17982877412036669	357.18875590886074	357.36858468298107
58.375	0.1842823242600554	357.1785598209319	357.36284214519196
58.5	0.18690224045371492	357.16823487914365	357.3551371195974
58.625	0.18573855291055094	357.1617457361751	357.3474842890856
58.75	0.1771396599336817	357.166181701774	357.3433213617077
58.875	0.15758803562366433	357.18851756507826	357.34610560070195
59.0	0.12682509461099598	357.23034093727716	357.3571660318882
59.125	0.0902004171722432	357.28390568783294	357.3741061050052
59.25	0.0584173730200057	357.33247242280254	357.39088979582255
59.375	0.04444920427694146	357.35529973684027	357.3997489411172
59.5	0.05906797072124316	357.3349001205177	357.39396809123895
59.625	0.10707981436053583	357.26314372344564	357.37022353780617
59.75	0.18582289474363253	357.14362271071633	357.32944560545997
59.875	0.28631018115737356	356.98988644222504	357.2761966233824
60.0	0.3962476244447733	356.82071694438054	357.2169645688253
60.125	0.5034815362392293	356.6547484795226	357.15823001576183
60.25	0.5984788060911058	356.506621372266	357.10510017835713
60.375	0.6751654625626147	356.3857196728248	357.0608851353874
60.5	0.7303750762408123	356.2970676607532	357.02744273699403
60.625	0.7627237668791598	356.24305722371724	357.0057809905964
60.75	0.7717237891416876	356.22472380730795	356.9964475964496
60.875	0.7575526004395527	356.24197570803443	356.999528308474
61.0	0.7213822107048616	356.29300768408973	357.0143898947946
61.125	0.6658104487550067	356.3736650045573	357.0394754533123
61.25	0.5949427654867263	356.4774513128287	357.0723940783154
61.375	0.5139914428942538	356.5963130112339	357.11030445412814
61.5	0.4285651257861205	356.7218282084835	357.1503933342696
61.625	0.34391249491720727	356.8463300279313	357.1902425228485
61.75	0.2643368800718454	356.9636586460463	357.22799552611815
61.875	0.1929475783260187	357.06938117772273	357.26232875604876
62.0	0.1318279997730059	357.1604419952738	357.2922699950468
62.125	0.0824895354992256	357.2344746597008	357.31696419520006
62.25	0.046261979475375775	357.2892943387185	357.3355563181939
62.375	0.02429835242421248	357.32303201868115	357.34733037110533
62.5	0.01716710016279145	357.3348794477383	357.35204654790107
62.625	0.024306430477015917	357.3259924905844	357.3502989210614
62.75	0.04368884522936898	357.2999645750971	357.34365342032646
62.875	0.07188989683187214	357.26257289313173	357.3344627899636
63.0	0.10453619916959983	357.22089471713815	357.32543091630777
63.125	0.13697607374832485	357.182118330976	357.3190944047243
63.25	0.1650048123544172	357.1523737724397	357.31737858479414
63.375	0.18550991701404235	357.13581818543577	357.32132810244985
63.5	0.19690544617186015	357.1341380159896	357.33104346216146
63.625	0.19920124736914538	357.146621864982	357.3458231123512
63.75	0.19359827218015238	357.17088684183784	357.364485114018
63.875	0.18170026427035985	357.20408399855364	357.385784262824
64.0	0.16471791853839635	357.2440354159288	357.4087533344672
64.125	0.1431811400835754	357.28958769358854	357.4327688336721
64.25	0.1174545925389362	357.3397932567752	357.4572478493141
64.375	0.08882137857273414	357.3923096197092	357.48113099828197
64.5	0.06041419908263091	357.44208242498684	357.50249662406947
64.625	0.03723195245044395	357.48141402273905	357.5186459751895
64.75	0.024993175982694595	357.5017591636331	357.52675233961577
64.875	0.028330096059848684	357.49648729220945	357.5248173882693
65.0	0.04926869347367557	357.4631628849729	357.5124315784466
65.125	0.08672659830583464	357.4041728310748	357.49089942938065
65.25	0.1370602972000343	357.3257520680132	357.4628123652132
65.375	0.1950727600316583	357.23629342096564	357.4313661809973
65.5	0.2548385410505031	357.1450078913463	357.3998464323968
65.625	0.31016741506106593	357.06124884552355	357.37141626058457
65.75	0.3549820149417977	356.994049482738	357.3490314976798
65.875	0.3839074489505205	356.9513529330868	357.33526038203735
66.0	0.3930685109305463	356.93888905416577	357.3319575650963
66.125	0.3808498661044417	356.95905030806813	357.33990017417256
66.25	0.34835855986864556	357.0101660632752	357.35852462314386
66.375	0.2994177124374163	357.0864536457005	357.38587135813793
66.5	0.24003527242034067	357.17876506940985	357.41880034183015
66.625	0.17745287226998216	357.2760018178481	357.4534546901181
66.75	0.11902427603909355	357.36682609272117	357.4858503687602
66.875	0.07118341515721316	357.44125821939656	357.5124416345538
67.0	0.03865186499708034	357.49191536422546	357.5305672292226
67.125	0.02393033796017939	357.5148190545371	357.53874939249727
67.25	0.027086069519150907	357.509753191416	357.53683926093515
67.375	0.045854173869083074	357.480093272639	357.5259474465081
67.5	0.07606807100829704	357.4321568127294	357.5082248837377
67.625	0.11239838578124105	357.3740819398477	357.486480325629
67.75	0.14929651327585722	357.31439413505944	357.4636906483353
67.875	0.18192303628802908	357.26057988747925	357.4425029237673
68.0	0.2067642903410512	357.2180995543628	357.4248638447039
68.125	0.2217147755452565	357.19019528052434	357.4119100560696
68.25	0.22569058431587774	357.178459002138	357.4041495864539
68.375	0.21819807122347445	357.1835675360546	357.4017656072781
68.5	0.1993647001403321	357.20539741716266	357.40476211730294
68.625	0.17055115936954127	357.24223700938217	357.4127881687517
68.75	0.13507381030182736	357.2897019530613	357.4247757633631
68.875	0.09831509462838794	357.340412991314	357.4387280859424
69.0	0.06686708344570368	357.38503444775154	357.4519015311972
69.125	0.047051528859461754	357.41428387057204	357.4613353994315
69.25	0.043568925697098276	357.42089513752927	357.46446406322633
69.375	0.05878711299109642	357.4007945137164	357.45958162670746
69.5	0.09256489011926196	357.3535794171249	357.44614430724414
69.625	0.14217136827440868	357.2828642776281	357.42503564590254
69.75	0.20214080230800993	357.19669558648667	357.3988363887947
69.875	0.26444096087062696	357.10734859981545	357.3717895606861
70.0	0.31949082659229117	357.02968733535363	357.34917816194593
70.125	0.3581124550725219	356.97800510501986	357.3361175600924
70.25	0.37382337800200577	356.9623353179537	357.33615869595576
70.375	0.36453008299553136	356.98574796696556	357.3502780499611
70.5	0.3329223455515219	357.04374189857464	357.3766642441262
70.625	0.2855109509420757	357.1258075457663	357.41131849670836
70.75	0.2308503953353599	357.2182802945879	357.4491306899232
70.875	0.17766205729733486	357.30733292090116	357.4849949781985
71.0	0.13330880118423158	357.3813847248202	357.5146935260044
71.125	0.10270614061151752	357.4327969659904	357.53550310660194
71.25	0.08761930618643186	357.4589460814796	357.546565387666
71.375	0.08641849941495872	357.46257885856335	357.5489973579783
71.5	0.09451864704198903	357.4510819910543	357.5456006380963
71.625	0.10567753193886735	357.4343727491717	357.54005028111055
71.75	0.1140075378174578	357.42172972310027	357.5357372609177
71.875	0.11612930692746327	357.41841600171455	357.534545308642
72.0	0.11262274319971832	357.42343764629214	357.53606038949187
72.125	0.10801960154734218	357.42961707086874	357.5376366724161
72.25	0.10907627294261324	357.426374439941	357.53545071288363
72.375	0.12179471423619391	357.4044210646201	357.52621577885634
72.5	0.14829670429219952	357.36064795786245	357.50894466215465
72.625	0.18488228236733245	357.3011265858041	357.48600886817144
72.75	0.22227467359670902	357.2406687998718	357.4629434734685
72.875	0.24825877102948554	357.1986464983287	357.4469052693582
73.0	0.25193610130020855	357.1923003881089	357.4442364894091
73.125	0.2280519435168692	357.2299317952156	357.4579837387325
73.25	0.17967102538565197	357.3066710008607	357.48634202624635
73.375	0.11801594086692757	357.40469203512805	357.52270797599493
73.5	0.05933593566686292	357.4981203893843	357.5574563250512
73.625	0.01982468751263726	357.56106839113824	357.58089307865083
73.75	0.010402909858512598	357.57595948924256	357.58636239910106
73.875	0.033285554519240555	357.5390930850928	357.57237863961205
74.0	0.0815840398750618	357.4613592216972	357.54294326157225
74.125	0.1420206776658784	357.3639712893667	357.5059919670326
74.25	0.19965590203970052	357.270923620958	357.4705795229977
74.375	0.24283614473154813	357.2010054525977	357.44384159732925
74.5	0.26660126125149997	357.16225029687996	357.42885155813144
74.625	0.2734475881548936	357.15064953972717	357.4240971278821
74.75	0.2713250476657165	357.15335022331607	357.42467527098177
74.875	0.26973466370805566	357.15492892354393	357.424663587252
75.0	0.27547874645085585	357.14423082047296	357.4197095669238
75.125	0.28972709320728646	357.11913534542924	357.40886243863656
75.25	0.30752760264361984	357.08741667213565	357.3949442747793
75.375	0.31990707849050015	357.063465532571	357.3833726110615
75.5	0.3176400682669113	357.0623074744059	357.37994754267277
75.625	0.2950529792625727	357.09348026023304	357.38853323949564
75.75	0.2522685930576342	357.157315236531	357.40958382958866
75.875	0.19511684468457113	357.24491779783705	357.4400346425216
76.0	0.1330679634867099	357.34136038812295	357.4744283516097
76.125	0.07632365206761926	357.4303167628621	357.50664041492973
76.25	0.033262068289157114	357.4982066411114	357.53146870940054
76.375	0.008907605124956712	357.5367224566714	357.5456300617963
76.5	0.0044614245232449355	357.54363686635594	357.5480982908792
76.625	0.017600884570819923	357.5223868444649	357.5399877290358
76.75	0.04328445351676106	357.4807801640187	357.5240646175355
76.875	0.0749244588170777	357.4291619134338	357.50408637225087
77.0	0.10578578714537505	357.3781965118522	357.48398229899755
77.125	0.13034532949201752	357.33668821486447	357.46703354435647
77.25	0.1452577194828276	357.310025008906	357.4552827283888
77.375	0.14964194242863307	357.299704115331	357.4493460577596
77.5	0.14464152181192969	357.3040101408636	357.44865166267556
77.625	0.13251320669601555	357.3194485315378	357.45196173823376
77.75	0.11569260605841894	357.342232907447	357.4579255135054
77.875	0.09623555954115277	357.3692029163105	357.4654384758516
78.0	0.07577301155943778	357.39792860418623	357.47370161574565
78.125	0.055823486744807374	357.42622110478004	357.4820445915248
78.25	0.03814458930860136	357.4515385665069	357.48968315581544
78.375	0.02483490196768023	357.470752623016	357.4955875249837
78.5	0.0180859794649463	357.4804764961902	357.49856247565515
78.625	0.019705492509931505	357.47778119061843	357.4974866831284
78.75	0.030635368777820006	357.46096736758545	357.4916027363633
78.875	0.05064010402280537	357.43009831266204	357.4807384166848
79.0	0.07823828591619272	357.3871474841611	357.4653857700773
79.125	0.11086739154978496	357.33580198799706	357.44666937954685
79.25	0.14521247792038677	357.28097951204074	357.4261919899611
79.375	0.1776185718652293	357.22819597569384	357.4058145475591
79.5	0.2045640268546593	357.1828407529129	357.38740477976756
79.625	0.22320975735569762	357.1493541638742	357.37256392122987
79.75	0.2319391372291939	357.13042500228886	357.3623641395181
79.875	0.23062479020377025	357.12657341373557	357.35719820393933
#  end#  end#  end#  end80.0	0.22035755875991447	357.13649956732615	357.3568571260861
#  end
748.068703 seconds#  end#  end#  end (1.76 G allocations: 237.356 GiB, 6.69% gc time)
746.700751 seconds


746.504489748.691062 seconds seconds


750.145582 seconds
755.858139 seconds747.037919 seconds751.658935 seconds (1.76 G allocations: 237.356 GiB, 6.80% gc time)
 ( (1.761.76 G allocations:  G237.356 GiB ( allocations: 237.355 GiB, , 6.706.70% gc time)% gc time)1.76 G allocations: 237.356 GiB, 4.68% gc time) ( (1.76 G allocations: 237.355 GiB, 1.764.71 G% gc time allocations: )237.356 GiB, 4.66% gc time)


 (1.76 G allocations: 237.356 GiB, 6.99% gc time)


