# dt=0.125 eps=0.5 size1_sp=32 size2_sp=32 size_v1=128 size_v2=128
# sp1 : from 0.0 to 12.566370614359172
# sp2 : from 0.0 to 12.566370614359172
# v1 : from -6.0 to 6.0
# v2 : from -6.0 to 6.0
# interpolation : Lagrange{Double64, true} order=19
# type=Double64 precision = 106
# timeopt=MPIOpt
# nb process : 16
typeof(data)=Array{Double64,4} size(data)=(32, 32, 128, 128)
#time	el-energy	kinetic-energy	global-energy
0.0	162.84847129804194	157.91364619607728	320.7621174941192
0.125	159.36507261193927	161.43462356722262	320.7996961791619
0.25	149.27448572257367	171.8151728821214	321.0896586046951
0.375	133.598902283617	188.4873340346679	322.0862363182849
0.5	113.86858326942134	210.45481451600241	324.32339778542377
0.625	91.90816922169854	236.27493093445335	328.1831001561519
0.75	69.60889806285361	264.1107840464984	333.71968210935205
0.875	48.72292475476134	291.8735930180018	340.59651777276315
1.0	30.700589008478815	317.44172937779064	348.14231838626944
1.125	16.578312119106087	338.91770731581903	355.4960194349251
1.25	6.917843425108766	354.87363036093603	361.79147378604483
1.375	1.795593755338545	364.53796290608324	366.33355666142177
1.5	0.8395127305860105	367.888455780964	368.72796851155005
1.625	3.3074463334299544	365.6338814910421	368.941327824472
1.75	8.19660226039101	359.08623972471736	367.28284198510835
1.875	14.371782773634582	349.9427226711697	364.31450544480424
2.0	20.70009674669491	340.0147686428942	360.7148653895891
2.125	26.178941163677194	330.95777653428166	357.1367176979589
2.25	30.04202323231271	324.05739699851296	354.0994202308257
2.375	31.82880215493011	320.10830786456467	351.93711001949475
2.5	31.40850893087253	319.3889447091555	350.79745364002804
2.625	28.958907832225748	321.7105890534273	350.6694968856531
2.75	24.907931421363912	326.5120293633332	351.41996078469714
2.875	19.850501807364044	332.97739907562527	352.8279008829893
3.0	14.453442655374475	340.16421256273446	354.61765521810895
3.125	9.360368454142776	347.1334096469006	356.4937781010434
3.25	5.107523100853612	353.0717733234249	358.1792964242785
3.375	2.0607965740075285	357.3927704085597	359.4535669825673
3.5	0.38219067897969927	359.8000839807078	360.18227465968755
3.625	0.029625065536144125	360.3025112744806	360.33213634001675
3.75	0.787718627480669	359.1788177982095	359.9665364256901
3.875	2.321237306307717	356.9023813835348	359.22361868984257
4.0	4.2394536398696685	354.0435325561387	358.2829861960084
4.125	6.159468928433747	351.17004785353816	357.3295167819719
4.25	7.75887835172647	348.76343313476826	356.5223114864947
4.375	8.811693791051416	347.1623057696797	355.9739995607311
4.5	9.205070129114779	346.53687824694356	355.74194837605836
4.625	8.9374926655597	346.8924112000225	355.82990386558214
4.75	8.101468215734357	348.09557354276234	356.1970417584967
4.875	6.855413656144233	349.91581365976435	356.77122731590856
5.0	5.390353184830396	352.0734652687363	357.46381845356666
5.125	3.8971401913613684	354.2868618302216	358.18400202158296
5.25	2.5391353704870685	356.31202097710434	358.8511563475914
5.375	1.4337027216534066	357.9703998437942	359.4041025654476
5.5	0.6438900089138457	359.1625788147887	359.8064688237025
5.625	0.1797332839109563	359.86811432559534	360.04784760950633
5.75	0.007169109794922291	360.1338280811054	360.1409971909003
5.875	0.061730760205791456	360.0542133622236	360.1159441224294
6.0	0.2640179965948011	359.74831318664656	360.0123311832414
6.125	0.534232202241818	359.33733602055463	359.87156822279644
6.25	0.8037101932453257	358.9264955138327	359.7302057070781
6.375	1.022235276513156	358.59326887443797	359.61550415095115
6.5	1.160820590228535	358.3827372212338	359.54355781146234
6.625	1.2104995097461708	358.30923197787257	359.51973148761874
6.75	1.1782663024225228	358.36247990647956	359.5407462089021
6.875	1.081575055628379	358.51601171076186	359.59758676639024
7.0	0.9427147568669647	358.73576843727267	359.67848319413963
7.125	0.7840347555006237	358.9874077965983	359.7714425520989
7.25	0.6245571036247973	359.2415043508188	359.8660614544436
7.375	0.4781168394240114	359.4764393462979	359.9545561857219
7.5	0.3528843114927176	359.679199313704	360.0320836251967
7.625	0.2519487560949941	359.84455721952554	360.0965059756205
7.75	0.1745580294336557	359.97323652357215	360.14779455300584
7.875	0.11759974886769427	360.0696801339188	360.18727988278647
8.0	0.07696933325324619	360.1399644179088	360.21693375116206
8.125	0.04859221378096149	360.1902203427109	360.2388125564919
8.25	0.029022438165491323	360.2256905286665	360.254712966832
8.375	0.015679754248134666	360.2503370955856	360.26601684983376
8.5	0.0068652740334945546	360.26679404268884	360.27365931672233
8.625	0.0016941314206870822	360.276457874451	360.2781520058717
8.75	2.3382024045009477e-5	360.2795988819334	360.27962226395744
8.875	0.0023791643098329705	360.27548517492744	360.2778643392373
9.0	0.009838536918893715	360.2625824310571	360.272420967976
9.125	0.023814874036187084	360.23890035003643	360.2627152240726
9.25	0.045724317405770314	360.20251312749645	360.24823744490226
9.375	0.0765559668142116	360.1522140914812	360.2287700582954
9.5	0.1164120516555762	360.0882010774989	360.2046131291545
9.625	0.16411412714657617	360.0126469249895	360.1767610521361
9.75	0.2169806466309732	359.9299983358461	360.1469789824771
9.875	0.2708660838994554	359.84687192124056	360.11773800514004
10.0	0.32051065573142945	359.7714804343748	360.0919910901062
10.125	0.3601868702875067	359.712618031203	360.07280490149054
10.25	0.3845574921852728	359.6783409120365	360.0628984042218
10.375	0.38959866074638533	359.67456913282797	360.06416779357437
10.5	0.37341077986447674	359.7038786656459	360.07728944551036
10.625	0.3367486400058867	359.764735594744	360.10148423474993
10.75	0.2831489897258287	359.8513508128579	360.1344998025837
10.875	0.21860651790717134	359.9542222651379	360.1728287830451
11.0	0.15083162357815857	360.06130719679146	360.2121388203696
11.125	0.08819958664135617	360.15965247549065	360.24785206213204
11.25	0.03855782207938515	360.2372261045321	360.2757839266115
11.375	0.008086259039722522	360.284651817112	360.2927380761517
11.5	0.000399924673915406	360.2965597011033	360.2969596257772
11.625	0.016042237339627237	360.27232959730026	360.2883718346399
11.75	0.05244889695195628	360.2161103225305	360.2685592194824
11.875	0.10437894933315081	360.1361258518399	360.2405048011731
12.0	0.16472888722524048	360.04340271007146	360.2081315972967
12.125	0.22558401228529187	359.9501456754803	360.1757296877656
12.25	0.27932989862020463	359.868034590749	360.14736448936924
12.375	0.31964922874629825	359.80670864902027	360.12635787776657
12.5	0.3422617629263817	359.7726523559799	360.11491411890626
12.625	0.3453187628783952	359.76861384004815	360.1139326029265
12.75	0.32942622544375355	359.79358945222845	360.1230156776722
12.875	0.29733197433205577	359.8433167995268	360.14064877385886
13.0	0.25335990387972257	359.9111465890851	360.1645064929648
13.125	0.2027035903962934	359.98912177993765	360.19182537033396
13.25	0.15069840748862398	360.06908390681525	360.21978231430387
13.375	0.10217786001004742	360.14364800045473	360.2458258604648
13.5	0.06099124263524684	360.2069312731897	360.267922515825
13.625	0.029723064131101	360.2549760149456	360.28469907907674
13.75	0.009617413542277057	360.2858629903026	360.29548040384486
13.875	0.0006790000180916186	360.2995586188568	360.3002376188749
14.0	0.0019014485726452424	360.2975707478077	360.29947219638035
14.125	0.011564556745793661	360.2825008972641	360.29406545400985
14.25	0.0275449526055282	360.2575764921328	360.2851214447383
14.375	0.04759610008525059	360.22622903113825	360.2738251312235
14.5	0.06956951882455815	360.19176012904904	360.2613296478736
14.625	0.09156549870213594	360.1571125949908	360.24867809369294
14.75	0.1120146939349755	360.1247443868756	360.2367590808106
14.875	0.12970181082380505	360.09658834796994	360.22629015879374
15.0	0.1437465184462735	360.0740751942581	360.2178217127044
15.125	0.1535605269375353	360.05819175785956	360.2117522847971
15.25	0.1587961641795065	360.0495505746521	360.2083467388316
15.375	0.15930272805015397	360.04844926558786	360.20775199363806
15.5	0.155100474255709	360.05490057352927	360.210001047785
15.625	0.14637318628798796	360.06864067349096	360.21501385977894
15.75	0.13348989675541642	360.0890875832274	360.2225774799828
15.875	0.11702518131841082	360.1153143803218	360.23233956164023
16.0	0.09780454451555545	360.1459785753935	360.24378311990904
16.125	0.07691143723012185	360.17931686457484	360.256228301805
16.25	0.05569840614173615	360.21314661740826	360.26884502355
16.375	0.03573903871213597	360.24493018907486	360.280669227787
16.5	0.018742486265812843	360.27195731460444	360.29069980087024
16.625	0.006447023417092325	360.29146510385135	360.29791212726843
16.75	0.00040211298415562623	360.3010607179636	360.30146283094774
16.875	0.0018613055154562024	360.2988016612439	360.3006629667593
17.0	0.011480516543889237	360.2837587363835	360.2952392529274
17.125	0.029273429383394046	360.2559916454248	360.2852650748082
17.25	0.054410318162672576	360.21691239087687	360.27132270903957
17.375	0.0852346553816249	360.16921140894283	360.25444606432444
17.5	0.11939226672738616	360.11664438196357	360.2360366486909
17.625	0.15386592619727013	360.06396159872173	360.217827524919
17.75	0.1854868823329787	360.01614499278855	360.2016318751215
17.875	0.21102083188228565	359.97811821742357	360.1891390493058
18.0	0.22771655655050474	359.95422213641984	360.18193869297033
18.125	0.23369076938535863	359.9470790783016	360.180769847687
18.25	0.2278357459792965	359.9584921806749	360.1863279266542
18.375	0.21072073931317947	359.98724142619363	360.19796216550685
18.5	0.1836503748108951	360.03126047130866	360.21491084611955
18.625	0.1494300168776345	360.0861126947593	360.235542711637
18.75	0.11167181689780172	360.14599619434546	360.25766801124325
18.875	0.07417656581399087	360.2050990934453	360.2792756592593
19.0	0.041209900790258734	360.25682387180115	360.2980337725914
19.125	0.016417171477660333	360.2954647950393	360.311881966517
19.25	0.002425081581180013	360.3171992188105	360.3196243003917
19.375	0.0011824313339653734	360.31908333364436	360.32026576497833
19.5	0.01296481347316496	360.30071028509525	360.3136750985684
19.625	0.036629489908486385	360.2642240005571	360.3008534904656
19.75	0.07036690832283281	360.2122273604776	360.2825942688004
19.875	0.11038157065406812	360.1509051266812	360.26128669733527
20.0	0.15338531233924185	360.08538453517184	360.2387698475111
20.125	0.19500380636321824	360.02206450754835	360.21706831391157
20.25	0.23095054824008768	359.9683036491419	360.19925419738195
20.375	0.25894428777449524	359.9266651716091	360.18560945938356
20.5	0.2750519536696144	359.903759332817	360.1788112864866
20.625	0.27878564649673976	359.9002689645482	360.17905461104493
20.75	0.2701043416853799	359.9155656224399	360.1856699641252
20.875	0.24881405969674383	359.95049856167276	360.19931262136953
21.0	0.21792885517101593	360.00013052365773	360.21805937882874
21.125	0.18029193051332473	360.059716594253	360.2400085247663
21.25	0.13851679024237226	360.12546018984153	360.2639769800839
21.375	0.09691785337995026	360.19083135357295	360.2877492069529
21.5	0.059703670623044665	360.2488268949173	360.3085305655403
21.625	0.02916305542510193	360.2962556123025	360.3254186677276
21.75	0.008636006039208171	360.3282364940146	360.3368725000538
21.875	0.0007366320196085893	360.340192340386	360.3409289724056
22.0	0.005276474730760949	360.33292913981705	360.3382056145478
22.125	0.02285619596406236	360.30566132752796	360.328517523492
22.25	0.05285800203899317	360.2589651492133	360.31182315125227
22.375	0.09185163363331267	360.19856115895436	360.2904127925877
22.5	0.1377427985686839	360.12817939906574	360.2659221976344
22.625	0.18787920998507776	360.0507500363675	360.23862924635256
22.75	0.2354031796357084	359.97804136164615	360.2134445412819
22.875	0.27859140396444904	359.91324433894374	360.1918357429082
23.0	0.3150625069006019	359.8577964801972	360.1728589870978
23.125	0.3365941074964606	359.82646957440693	360.16306368190334
23.25	0.34446088093989075	359.8176677831103	360.1621286640502
23.375	0.33992051882679786	359.8267764043593	360.16669692318607
23.5	0.31736188002005267	359.86415967956606	360.1815215595861
23.625	0.2806246482337553	359.92427567219596	360.2049003204297
23.75	0.23564446531854288	359.9963256379451	360.2319701032637
23.875	0.1836011042172753	360.0786987027955	360.26229980701277
24.0	0.12873095532028186	360.16512916903616	360.2938601243564
24.125	0.07812238231512644	360.24468524711295	360.3228076294281
24.25	0.03785595014151534	360.30737618080457	360.3452321309461
24.375	0.011013736636207996	360.34859231679155	360.3596060534278
24.5	0.0009131240524897868	360.36405637968574	360.3649695037382
24.625	0.011990296749518053	360.34661366356903	360.3586039603186
24.75	0.04382425776924022	360.2966506647665	360.34047492253575
24.875	0.09298629626362677	360.2208694570681	360.3138557533317
25.0	0.1583242305793472	360.12063232588105	360.2789565564604
25.125	0.23461081879004414	360.0040525598286	360.23866337861864
25.25	0.3141266951364854	359.88363138282926	360.1977580779658
25.375	0.390250423157881	359.7695294953959	360.1597799185538
25.5	0.45718248882046897	359.67073207400324	360.1279145628237
25.625	0.508447723970074	359.59636458504104	360.1048123090111
25.75	0.5361043319701425	359.5590897899773	360.09519412194743
25.875	0.5385397493658611	359.56204794425685	360.1005876936227
26.0	0.5188987230063624	359.5982392827262	360.11713800573256
26.125	0.47402321671825476	359.67207261553114	360.1460958322494
26.25	0.40539480874963413	359.78317855036056	360.1885733591102
26.375	0.325458425673699	359.9109490304169	360.23640745609055
26.5	0.2415453299479907	360.04298225666133	360.28452758660933
26.625	0.15858772369972335	360.17243022466994	360.33101794836966
26.75	0.08587748560736408	360.28514846725756	360.37102595286495
26.875	0.03235640556214501	360.3677649546624	360.40012136022455
27.0	0.006082777454696731	360.40802957333057	360.4141123507853
27.125	0.011445969588310146	360.3980862786126	360.4095322482009
27.25	0.04449745424699229	360.34522508509457	360.38972253934156
27.375	0.10428820901201624	360.2532873849082	360.3575755939202
27.5	0.193449433748399	360.11618084713535	360.30963028088377
27.625	0.30132219379377534	359.9502974258312	360.25161961962493
27.75	0.41526064651628697	359.7771394435897	360.192400090106
27.875	0.5287839874932074	359.6062692943784	360.1350532818716
28.0	0.6334975137562759	359.4506447386844	360.0841422524407
28.125	0.7212203098834171	359.32208248269404	360.04330279257744
28.25	0.781337872269649	359.23595946308575	360.0172973353554
28.375	0.8031716814762548	359.2098516370749	360.0130233185512
28.5	0.7871056060982292	359.2440294300265	360.0311350361247
28.625	0.7409302573329866	359.3245235438977	360.0654538012307
28.75	0.666079760891266	359.4465238049102	360.11260356580146
28.875	0.5597305166497457	359.6154288663987	360.1751593830484
29.0	0.4315938498320723	359.81851377420554	360.25010762403764
29.125	0.30302278927790816	360.02182981353803	360.32485260281595
29.25	0.18909406280922805	360.20028665123556	360.3893807140448
29.375	0.09602651135126684	360.34485673405044	360.4408832454017
29.5	0.03241227409988624	360.44326037108414	360.47567264518403
29.625	0.00868655199164754	360.4791822033555	360.4878687553471
29.75	0.029644080638415768	360.44607352703946	360.47571760767784
29.875	0.09726981328628935	360.34182341986343	360.4390932331497
30.0	0.2097978125492578	360.16842987549074	360.37822768804
30.125	0.3562186469672871	359.9438743985692	360.3000930455365
30.25	0.5253600775560473	359.68697373848477	360.2123338160408
30.375	0.7081079252455161	359.41116055801746	360.119268483263
30.5	0.8895467932646578	359.1396033763741	360.02915016963874
30.625	1.0541173129586288	358.89636846597415	359.9504857789328
30.75	1.187003913946229	358.7039962801025	359.89100019404873
30.875	1.273853707318665	358.5844235154688	359.8582772227875
31.0	1.303284120729025	358.55447089793086	359.8577550186599
31.125	1.2706482055789798	358.6212406436855	359.8918888492645
31.25	1.180345859397484	358.77635575324257	359.9567016126401
31.375	1.0383905123556743	359.0095176477395	360.0479081600952
31.5	0.8560266805412515	359.30307307001715	360.1590997505584
31.625	0.6503202589553688	359.6295830750711	360.27990333402647
31.75	0.4402364633126468	359.96105430478286	360.4012907680955
31.875	0.2536582762963837	360.2550102981524	360.5086685744488
32.0	0.11670963767046462	360.4692644161209	360.58597405379135
32.125	0.04085585243368894	360.58683180216764	360.6276876546013
32.25	0.03392843431550437	360.59710865931316	360.63103709362866
32.375	0.10148502653733218	360.4914701506949	360.5929551772322
32.5	0.23938657061677163	360.27784022892024	360.517226799537
32.625	0.4406773214879485	359.9694004668169	360.4100777883049
32.75	0.6964001922565788	359.5799071612697	360.2763073535263
32.875	0.9863968164391232	359.14105570472685	360.12745252116594
33.0	1.2880452084187348	358.68872774282335	359.976772951242
33.125	1.5793594586067634	358.2564847127495	359.8358441713563
33.25	1.835006154182101	357.88395625650037	359.7189624106825
33.375	2.0317564536168113	357.60562069184317	359.63737714546
33.5	2.145189681715087	357.4575758354049	359.60276551712
33.625	2.155058718224122	357.4705348410655	359.62559355928965
33.75	2.0556849120476306	357.652279775463	359.70796468751064
33.875	1.8551300630781993	357.98882168124635	359.84395174432456
34.0	1.57221106584002	358.44946341189876	360.0216744777388
34.125	1.236515358187417	358.98765412472966	360.2241694829171
34.25	0.8864453317255843	359.54369953201285	360.4301448637384
34.375	0.5629819025085924	360.0546301198868	360.61761202239535
34.5	0.30432587195769384	360.46190627790975	360.76623214986745
34.625	0.14056731334471226	360.71919072175365	360.8597580350983
34.75	0.08850157139183988	360.80138113497685	360.8898827063687
34.875	0.15114047807626926	360.7057139705302	360.8568544486065
35.0	0.3218831291266309	360.4437551655931	360.7656382947197
35.125	0.5864937150873865	360.0387352201759	360.6252289352633
35.25	0.9268055711062637	359.52048093201944	360.44728650312567
35.375	1.3243279976819642	358.9189511012481	360.2432790989301
35.5	1.7592553610378254	358.2663384547815	360.0255938158193
35.625	2.2074916932605055	357.60074640553285	359.80823809879337
35.75	2.6385739862279665	356.9686665918764	359.6072405781044
35.875	3.0142898994213967	356.42755317239363	359.441843071815
36.0	3.2923632473313478	356.04157265795254	359.3339359052839
36.125	3.4326310394850807	355.8700631573005	359.3026941967855
36.25	3.400086138483341	355.9648820737809	359.3649682122643
36.375	3.1782406747932237	356.3495590304637	359.5277997052569
36.5	2.7815213073662304	357.0003873438121	359.78190865117836
36.625	2.260964249402976	357.83680980851	360.09777405791294
36.75	1.684995957856444	358.753255546643	360.4382515044994
36.875	1.1300462925203	359.6323930517817	360.76243934430204
37.0	0.673162930305284	360.35502459887704	361.0281875291823
37.125	0.37353939523335383	360.8295217495193	361.20306114475267
37.25	0.2588470783306521	361.01335013727476	361.27219721560544
37.375	0.3216956739354104	360.91977161481026	361.24146728874564
37.5	0.534943853280854	360.5928433665503	361.1277872198312
37.625	0.8645392301440485	360.0872954939525	360.9518347240966
37.75	1.271844041310554	359.46554453163446	360.737388572945
37.875	1.7198466853455336	358.7867181499839	360.50656483532947
38.0	2.18961265595791	358.08229661294564	360.2719092689035
38.125	2.6915151306570793	357.33585215652545	360.0273672871825
38.25	3.2296472808168644	356.54312819009874	359.77277547091563
38.375	3.7758313678580313	355.7477493514876	359.52358071934566
38.5	4.266029568994654	355.04506622916284	359.3110957981575
38.625	4.618695884175052	354.5592014631108	359.17789734728586
38.75	4.764645446028391	354.3917121104686	359.15635755649697
38.875	4.636523501401322	354.6473383565209	359.2838618579222
39.0	4.213330321008926	355.3565470175022	359.5698773385111
39.125	3.5539974914498367	356.42332851215286	359.9773260036027
39.25	2.762963701656089	357.6848289284353	360.4477926300914
39.375	1.952100749360456	358.96917284449984	360.9212735938603
39.5	1.2275806338774327	360.11342535235656	361.341005986234
39.625	0.6813636728956575	360.9750783844245	361.65644205732013
39.75	0.3652262529592112	361.47596225035915	361.84118850331834
39.875	0.28947620176908967	361.6017232858405	361.8911994876096
40.0	0.4371967448981742	361.3789081540595	361.8161048989577
40.125	0.7689623671924848	360.87090458630956	361.63986695350206
40.25	1.2339500926364366	360.15924450060777	361.39319459324423
40.375	1.7719655208872627	359.33899697315456	361.1109624940418
40.5	2.314624121545941	358.51782283887104	360.832446960417
40.625	2.8163228691567594	357.76615736824726	360.582480237404
40.75	3.26340923667193	357.1036200881198	360.3670293247917
40.875	3.645097610081406	356.54889365943274	360.19399126951413
41.0	3.9577038665481536	356.1080574057435	360.0657612722917
41.125	4.1984803563661135	355.7845839064404	359.9830642628065
41.25	4.3372132337448885	355.6231756852996	359.96038891904453
41.375	4.30908863771074	355.7216612600173	360.03074989772807
41.5	4.062277606902928	356.15702493299136	360.21930253989433
41.625	3.604933025701903	356.9100330952866	360.5149661209885
41.75	2.979779116995077	357.9160212321077	360.8958003491028
41.875	2.265807821382259	359.0516371631931	361.3174449845754
42.0	1.55534431057859	360.1744138501504	361.72975816072903
42.125	0.9270855951486472	361.16445750242	362.0915430975687
42.25	0.4415964201298517	361.9278434588627	362.3694398789925
42.375	0.12983523019621085	362.41867996958246	362.5485151997787
42.5	0.0107637475936561	362.6061649173902	362.61692866498385
42.625	0.08293192240308184	362.4940899873151	362.57702190971816
42.75	0.3229567542496381	362.12099186311764	362.44394861736725
42.875	0.6934420906892083	361.5468866126887	362.24032870337794
43.0	1.1465301065582798	360.8480116994551	361.99454180601344
43.125	1.6298783013736995	360.10667177505525	361.73655007642895
43.25	2.094773575666792	359.39828697034704	361.49306054601385
43.375	2.500078912356956	358.7867122441677	361.28679115652466
43.5	2.8134906730908495	358.32156902070886	361.13505969379975
43.625	3.0078578096650967	358.04357628186017	361.05143409152527
43.75	3.0604609927906763	357.98702282708734	361.04748381987804
43.875	2.9662789413572197	358.157526426226	361.12380536758326
44.0	2.738204414342155	358.53482362557037	361.27302803991256
44.125	2.4070150856247374	359.06992962025845	361.47694470588317
44.25	2.0106279307689787	359.70215539668345	361.7127833274524
44.375	1.5742197521941428	360.3956469150969	361.969866667291
44.5	1.1385453329128166	361.0854399747454	362.2239853076582
44.625	0.7551850086549353	361.6909346377552	362.4461196464101
44.75	0.4559905562265556	362.16558040565883	362.62157096188537
44.875	0.2674965360730129	362.46873501570246	362.7362315517755
45.0	0.20440804269944846	362.57868004818636	362.7830880908858
45.125	0.23758505315889292	362.5445246627919	362.7821097159508
45.25	0.33403372367427	362.4137294201988	362.7477631438731
45.375	0.48832080026339403	362.18894190534047	362.6772627056039
45.5	0.6959391290389418	361.8768750210123	362.5728141500513
45.625	0.9370598173906095	361.5107647033542	362.4478245207448
45.75	1.1948523905671002	361.11657584180676	362.3114282323739
45.875	1.4547489023581774	360.71699106649106	362.17173996884924
46.0	1.692201544634566	360.35275479653836	362.0449563411729
46.125	1.8893863668788744	360.0522773826308	361.94166374950964
46.25	2.038550628405588	359.82844173138784	361.8669923597934
46.375	2.120505012749583	359.7128752775788	361.8333802903284
46.5	2.0935178863704222	359.771553026175	361.86507091254543
46.625	1.9246302725583282	360.0525347365783	361.9771650091366
46.75	1.6305034833602525	360.5237842000768	362.1542876834371
46.875	1.2712781544981533	361.0884015079195	362.3596796624177
47.0	0.9037731841540376	361.6614704247205	362.56524360887454
47.125	0.566015974871362	362.1879317506958	362.7539477255672
47.25	0.2966307449770154	362.60800010677747	362.9046308517545
47.375	0.13623972712812982	362.859248699775	362.99548842690314
47.5	0.10728460289760589	362.90939812096127	363.0166827238589
47.625	0.19318040063988967	362.78695200581467	362.9801324064545
47.75	0.34461636380986904	362.5684179176189	362.91303428142874
47.875	0.5153632093705518	362.3217457863619	362.8371089957324
48.0	0.6891246536797776	362.0666032415391	362.7557278952189
48.125	0.8663307560680233	361.79945773096716	362.6657884870352
48.25	1.037122728287008	361.53661154330814	362.57373427159513
48.375	1.182990356116662	361.3083968775106	362.4913872336272
48.5	1.2995083577363966	361.12154414373987	362.42105250147625
48.625	1.3969870015753114	360.96024373892266	362.357230740498
48.75	1.4747518352866293	360.8281597607809	362.30291159606753
48.875	1.5069827065255437	360.7689963654435	362.27597907196906
49.0	1.4619384840026708	360.8331911508598	362.29512963486246
49.125	1.3295403617202017	361.0344404929192	362.3639808546394
49.25	1.1277553834824627	361.3425693236045	362.470324707087
49.375	0.8907960924036079	361.7031803503335	362.59397644273713
49.5	0.6498121296862089	362.06845833099493	362.71827046068114
49.625	0.424296364061904	362.41022811612214	362.83452448018403
49.75	0.23214005074516944	362.70222773063904	362.9343677813842
49.875	0.09574274079148666	362.91010986718595	363.00585260797743
50.0	0.03474995445351785	363.0034509254638	363.0382008799173
50.125	0.05972203915125999	362.9656643873351	363.0253864264863
50.25	0.1720689540505433	362.79399749684904	362.9660664508996
50.375	0.3638864489692973	362.4998074324827	362.86369388145204
50.5	0.615634308347958	362.1127136436956	362.7283479520436
50.625	0.8979882286935608	361.6777918589938	362.57578008768735
50.75	1.1794001251453414	361.24315853844814	362.42255866359346
50.875	1.4315907520997542	360.85154225744634	362.2831330095461
51.0	1.6307554244641254	360.53888032989624	362.1696357543604
51.125	1.7575038134489387	360.33474412891525	362.09224794236417
51.25	1.7978914310442442	360.26084814617866	362.05873957722287
51.375	1.7454863793831779	360.3278749984374	362.07336137782056
51.5	1.6030195148779054	360.53269289928534	362.13571241416327
51.625	1.3827491625323303	360.8575260800005	362.24027524253285
51.75	1.1068469358927924	361.2689477929122	362.375794728805
51.875	0.8061220481573964	361.719855022135	362.5259770702924
52.0	0.5151864649662984	362.1574154479116	362.6726019128779
52.125	0.2674765876193847	362.5307327931309	362.7982093807502
52.25	0.09254325740277429	362.79468729198953	362.8872305493923
52.375	0.013277271590252578	362.91431636876837	362.9275936403586
52.5	0.04294286020313391	362.86968316205105	362.9126260222542
52.625	0.18421313618397284	362.6569435670598	362.84115670324377
52.75	0.42802914996471136	362.2901064098213	362.718135559786
52.875	0.7540031425080226	361.8001861812681	362.55418932377614
53.0	1.13316398907908	361.2308913280785	362.3640553171575
53.125	1.5309585757257993	360.6341361795195	362.1650947552453
53.25	1.9100781952844093	360.06584408167123	361.9759222769556
53.375	2.2341852103140054	359.5802241259245	361.8144093362385
53.5	2.4698331556734883	359.2278626478444	361.6976958035179
53.625	2.5916295800103213	359.0472453870735	361.6388749670838
53.75	2.585968525276854	359.05872323767267	361.6446917629495
53.875	2.4508391585946194	359.26573522574034	361.71657438433493
54.0	2.1971163778905436	359.65237346135666	361.8494898392472
54.125	1.8484083622726597	360.18345399094585	362.0318623532185
54.25	1.4391317352223132	360.8068758773468	362.2460076125691
54.375	1.011341896001242	361.4585991832915	362.4699410792927
54.5	0.6118962563962508	362.0668648944993	362.6787611508956
54.625	0.28736647551464245	362.5605403870676	362.8479068625822
54.75	0.07783834166268273	362.87889962152235	362.95673796318505
54.875	0.012746331618779147	362.977806661069	362.99055299268775
55.0	0.109894889703768	362.8308001950009	362.94069508470466
55.125	0.3722338461903402	362.4340486784448	362.80628252463515
55.25	0.7828519878012271	361.8145097569694	362.59736174477064
55.375	1.3078874166629226	361.0250819879322	362.33296940459513
55.5	1.9040601678383637	360.13193531745895	362.03599548529735
55.625	2.518503965982108	359.2148895850209	361.733393551003
55.75	3.0894961639955065	358.36744497917425	361.4569411431698
55.875	3.5594543882598098	357.6762653507838	361.2357197390436
56.0	3.8847571321188186	357.2064740668454	361.09123119896424
56.125	4.0350797551697095	357.0021287781131	361.0372085332828
56.25	3.9895333199671046	357.09422056532316	361.08375388529026
56.375	3.7469291233153235	357.48404867404537	361.2309777973607
56.5	3.330889827019411	358.1343624072741	361.46525223429353
56.625	2.7792951345977968	358.987252437595	361.76654757219274
56.75	2.142863335475268	359.9665932316095	362.1094565670848
56.875	1.4917318757278986	360.96581595345947	362.4575478291874
57.0	0.9032482513221773	361.86709926307185	362.770347514394
57.125	0.44236296308325307	362.57219650312214	363.0145594662054
57.25	0.15411582335195614	363.0135257824899	363.1676416058419
57.375	0.06595168437937868	363.14990951583667	363.21586120021607
57.5	0.18995993210341083	362.9633938723893	363.1533538044927
57.625	0.5220588818123603	362.46129823128535	362.9833571130977
57.75	1.0433449680706801	361.67379845271404	362.7171434207847
57.875	1.7205476769730748	360.652515675065	362.37306335203806
58.0	2.5006728224626906	359.4787578932261	361.97943071568875
58.125	3.3082066048290097	358.2680927194077	361.57629932423674
58.25	4.05574600301123	357.15369062581135	361.2094366288226
58.375	4.661315298822954	356.25882582336254	360.9201411221855
58.5	5.059533255635708	355.6818314722734	360.7413647279091
58.625	5.215145666256202	355.4744486244484	360.68959429070463
58.75	5.123100979411919	355.64171628656396	360.76481726597586
58.875	4.792781955489263	356.1686315954609	360.96141355095017
59.0	4.251274485631326	357.01473590678034	361.26601039241166
59.125	3.555357777829265	358.09262769803144	361.6479854758607
59.25	2.776368101283222	359.29360392191586	362.06997202319906
59.375	1.9874036030707556	360.5075663536868	362.49496995675753
59.5	1.2661613178582185	361.6167800191546	362.8829413370128
59.625	0.6852639536837054	362.50971415864535	363.19497811232907
59.75	0.29554109195523687	363.1087394419573	363.4042805339126
59.875	0.1294730839063283	363.36362485813856	363.4930979420449
60.0	0.2004154550707282	363.2542978976351	363.4547133527059
60.125	0.5050911189228916	362.7872406468228	363.2923317657457
60.25	1.0321590231506086	361.979994152649	363.0121531757996
60.375	1.747210844617124	360.88627860599894	362.633489450616
60.5	2.584300383742907	359.60856923968805	362.19286962343097
60.625	3.4618503701221446	358.2714362943088	361.7332866644309
60.75	4.290932963628674	357.0097992349555	361.30073219858417
60.875	4.979345689508307	355.9639333998316	360.9432790893399
61.0	5.454590889020873	355.24361860695626	360.69820949597715
61.125	5.680340799427996	354.9024234880566	360.5827642874846
61.25	5.646358490376584	354.9570349369091	360.6033934272857
61.375	5.3685758038154	355.38279672796705	360.7513725317824
61.5	4.875118598959462	356.1379423270747	361.01306092603414
61.625	4.202059891662512	357.16876742617734	361.3708273178399
61.75	3.3984716151931584	358.4019619479788	361.80043356317196
61.875	2.5348639079471686	359.7300475499383	362.2649114578855
62.0	1.7000912776777923	361.01568549720736	362.71577677488517
62.125	0.9832880067254284	362.12043290650047	363.1037209132259
62.25	0.4538179171139192	362.93659716569476	363.3904150828087
62.375	0.1502773785943198	363.40467314340555	363.55495052199984
62.5	0.0851857737803099	363.5051847400507	363.59037051383103
62.625	0.2482646586500051	363.2537041664154	363.5019688250654
62.75	0.6159084290132752	362.6872418883785	363.3031503173917
62.875	1.165222392891005	361.83860813475576	363.00383052764676
63.0	1.8524929662311735	360.7747454657079	362.6272384319391
63.125	2.618421638069648	359.5881989064864	362.2066205445561
63.25	3.4000718650183783	358.37686344377113	361.7769353087895
63.375	4.117185626148546	357.26365831341576	361.38084393956433
63.5	4.679182687398691	356.3891127323484	361.0682954197471
63.625	5.029198553544775	355.8391831806094	360.8683817341542
63.75	5.141581517374027	355.64968950385554	360.79127102122953
63.875	5.004502709593675	355.8401352588737	360.8446379684674
64.0	4.640485008904031	356.377914609805	361.018399618709
64.125	4.095970833617564	357.1933703220437	361.28934115566125
64.25	3.4176973213815893	358.21947024764177	361.63716756902335
64.375	2.664817419090052	359.367889674764	362.03270709385407
64.5	1.9098168899714025	360.5263755610053	362.4361924509767
64.625	1.2212295599026919	361.58767081748755	362.8089003773902
64.75	0.6554810257952816	362.46190687761475	363.11738790341
64.875	0.25363504528459196	363.0836106997516	363.33724574503617
65.0	0.046206680897232545	363.40434126283867	363.4505479437359
65.125	0.05558528789145709	363.38722128003724	363.4428065679287
65.25	0.28239889123688644	363.0309136317083	363.31331252294524
65.375	0.697781562421501	362.3800742548403	363.07785581726176
65.5	1.248778868628871	361.5170885755755	362.7658674442044
65.625	1.8758727712516918	360.5333971364251	362.4092699076768
65.75	2.5221562368974015	359.5145284356362	362.03668467253357
65.875	3.1296123888468603	358.5473302310568	361.6769426199036
66.0	3.6327875316090155	357.7343323224865	361.36711985409556
66.125	3.978257583222356	357.1636060456942	361.1418636289166
66.25	4.149502902048599	356.8621144509483	361.0116173529969
66.375	4.152754347859388	356.81969120583955	360.9724455536989
66.5	3.9953526158482897	357.0233059724901	361.01865858833844
66.625	3.674439085177219	357.47754963886956	361.15198872404676
66.75	3.1952730632911397	358.17850789780005	361.3737809610912
66.875	2.597579091971677	359.06887889466196	361.66645798663365
67.0	1.9502431535276135	360.04440024624296	361.99464339977055
67.125	1.3294944315890946	360.9878892187039	362.31738365029304
67.25	0.7995990184792869	361.7994364224362	362.5990354409155
67.375	0.40331597273569975	362.4101581185086	362.8134740912443
67.5	0.16007746813216991	362.78597413651346	362.9460516046456
67.625	0.06913413566338461	362.9253439564974	362.99447809216076
67.75	0.11858822183099604	362.84602442316793	362.9646126449989
67.875	0.2968564957346593	362.5655558164476	362.86241231218224
68.0	0.591831406398579	362.1003216836801	362.69215309007865
68.125	0.9755545174623257	361.49132051527727	362.46687503273955
68.25	1.4012668756033473	360.8106166464517	362.211883522055
68.375	1.8180802785378032	360.13811790168893	361.95619818022675
68.5	2.1811537062264987	359.54469801451967	361.72585172074616
68.625	2.4513120017814445	359.0932256782387	361.54453768002014
68.75	2.602149377542978	358.826410142555	361.428559520098
68.875	2.627012373116077	358.7551568567001	361.3821692298162
69.0	2.5303075404228226	358.8729005581411	361.40320809856394
69.125	2.3184742962477847	359.1710995799294	361.4895738761772
69.25	2.006188393622031	359.6285400349732	361.6347284285952
69.375	1.622332922586867	360.20173684847913	361.82406977106604
69.5	1.2079289611536785	360.8280724237748	362.0360013849285
69.625	0.8101406010628721	361.43460951416785	362.2447501152307
69.75	0.47415139102277615	361.9493714985468	362.42352288956954
69.875	0.22757528532075627	362.32761434902454	362.5551896343453
70.0	0.07674025514034702	362.5605842761681	362.6373245313084
70.125	0.0271683385248366	362.63900364208786	362.66617198061266
70.25	0.08261233052235303	362.55407496557746	362.6366872960998
70.375	0.22943473149025775	362.32504166682344	362.5544763983137
70.5	0.4400534368656398	361.99369448524425	362.4337479221099
70.625	0.6836071489491847	361.6077135229745	362.2913206719237
70.75	0.9358598660232091	361.2044740157714	362.1403338817946
70.875	1.1793439472200737	360.80989126444916	361.9892352116692
71.0	1.3906276905466899	360.46057013094105	361.85119782148774
71.125	1.5431737220228183	360.1994270744238	361.7426007964466
71.25	1.6210004682757657	360.0524296123675	361.6734300806433
71.375	1.6176015128293242	360.03123008168785	361.64883159451716
71.5	1.5345305688378708	360.1353191759491	361.669849744787
71.625	1.3834695634463658	360.3476311897682	361.7311007532146
71.75	1.1805436399377622	360.6441468034775	361.82469044341525
71.875	0.9447446150752317	360.9960382249585	361.94078284003376
72.0	0.7004893878026595	361.3646790639086	362.0651684517113
72.125	0.47087144275490883	361.71360560099447	362.1844770437494
72.25	0.2732316372296026	362.01626296449854	362.2894946017281
72.375	0.12465193273072	362.2453886838336	362.3700406165643
72.5	0.03857398952728345	362.3780059190054	362.41657990853264
72.625	0.014707102514975442	362.4137497749742	362.4284568774891
72.75	0.04489257327463734	362.3656023043165	362.41049487759113
72.875	0.12330587688661847	362.2419564175493	362.3652622944359
73.0	0.24159195362540395	362.05504512487147	362.2966370784969
73.125	0.3844267757914414	361.8288863024546	362.213313078246
73.25	0.5349076908499711	361.58962646013254	362.1245341509825
73.375	0.6746968427728599	361.36584629241275	362.04054313518566
73.5	0.7844836869944988	361.18867557353514	361.97315926052966
73.625	0.8533847870369612	361.07537145170704	361.92875623874403
73.75	0.8776155255447896	361.0316639702739	361.9092794958187
73.875	0.853636163918774	361.0635451848862	361.917181348805
74.0	0.782733397077945	361.1695406374895	361.95227403456744
74.125	0.6753163230000253	361.33360245108634	362.0089187740864
74.25	0.5463266612188996	361.53195867674003	362.0782853379589
74.375	0.4069105309311604	361.74713463245445	362.1540451633856
74.5	0.2666086047729528	361.9649370971152	362.23154570188814
74.625	0.14295857238583712	362.1577442181862	362.300702790572
74.75	0.05499555559763579	362.2947920189341	362.3497875745318
74.875	0.01033148333262822	362.3643202953025	362.37465177863515
75.0	0.012175066218987687	362.3621278574005	362.3743029236195
75.125	0.0688007863729967	362.27455248528065	362.34335327165365
75.25	0.17936526652851734	362.1015855249889	362.2809507915174
75.375	0.3240336844184832	361.8749507826997	362.19898446711824
75.5	0.4857915504698266	361.6221757772671	362.10796732773696
75.625	0.6603005702314015	361.3498032811811	362.01010385141245
75.75	0.8365310449156883	361.0757014140148	361.91223245893053
75.875	0.9943415561429835	360.83198330491274	361.82632486105575
76.0	1.1176956912847	360.64361363622913	361.76130932751386
76.125	1.1974608581857753	360.52460110314087	361.72206196132663
76.25	1.2278639548588905	360.48337420920694	361.71123816406583
76.375	1.20418214293262	360.52680096816204	361.73098311109464
76.5	1.1257046018118735	360.6560709671484	361.7817755689603
76.625	1.0027148998339268	360.855071495673	361.8577863955069
76.75	0.8540229083739971	361.09364532809315	361.9476682364671
76.875	0.693405370510236	361.34927899562143	362.04268436613165
77.0	0.5243203172255075	361.616004416328	362.14032473355354
77.125	0.35123306593598125	361.88727254042004	362.238505606356
77.25	0.19280436577722934	362.1350192879091	362.3278236536863
77.375	0.07851787370821194	362.3136577870412	362.39217566074944
77.5	0.02911549069602439	362.3906458644102	362.41976135510623
77.625	0.04596050737753442	362.36412091610333	362.41008142348085
77.75	0.1235403103080184	362.2432572471091	362.3667975574171
77.875	0.260692863835898	362.0302114209144	362.2909042847503
78.0	0.4513601524072584	361.73488725063976	362.18624740304705
78.125	0.673992319053643	361.39144450806833	362.06543682712197
78.25	0.8971211004352385	361.0492764190899	361.94639751952514
78.375	1.0921556243981179	360.75301440672297	361.8451700311211
78.5	1.2395246872550847	360.53312291983	361.7726476070851
78.625	1.3278126254660203	360.4071485549497	361.7349611804157
78.75	1.3512881972037045	360.3835643382831	361.7348525354868
78.875	1.3098894447542477	360.4617329353604	361.7716223801146
79.0	1.2097301355225465	360.6311292801131	361.84085941563563
79.125	1.0617621709842402	360.87381300052516	361.9355751715094
79.25	0.8801492774419419	361.1670660068597	362.04721528430167
79.375	0.6811775592826619	361.48523131627314	362.1664088755558
79.5	0.4831922478313841	361.7997192700099	362.2829115178413
79.625	0.3055965076752544	362.0802897082319	362.3858862159071
79.75	0.16562731504247485	362.30015761963773	362.46578493468024
79.875	0.07758055524398973	362.43761532532136	362.5151958805654
#  end#  end80.0	0.05614865031570617	362.47067079260086	362.5268194429166
#  end
8926.099485 seconds#  end#  end#  end#  end (13.40 G allocations: 3.862 TiB, 7.77% gc time)


8925.661401 seconds8926.037214 seconds

8925.421931 seconds8925.657213 seconds
8926.130626 seconds
8926.075032 seconds (13.40 G allocations: 3.862 TiB, 7.93% gc time) (13.40 G allocations: 3.862 TiB, 7.79% gc time) (13.40 G allocations: 3.862 TiB, 7.97% gc time) (13.40 G allocations: 3.862 TiB, 7.99% gc time) (13.40 G allocations: 3.862 TiB, 7.79% gc time) (13.40 G allocations: 3.862 TiB, 8.00% gc time)





#  end#  end#  end#  end#  end#  end#  end#  end#  end
8926.180796 seconds
8925.053140 seconds

8925.580710 seconds8925.115868 seconds
8925.646451 seconds
8925.575411 seconds (13.40 G allocations: 3.862 TiB, 7.79% gc time)

8924.959638 seconds8925.718500 seconds
 (13.40 G allocations: 3.862 TiB, 7.65% gc time) (13.40 G allocations:  (3.862 TiB13.40 G, 7.70% gc time) allocations: 3.862 TiB, 7.64% gc time) (13.40 G allocations: 3.862 TiB, 7.66% gc time)



 (13.40 G allocations: 3.862 TiB, 7.43% gc time)
 (13.40 (13.40 G G allocations:  allocations: 3.862 TiB3.862 TiB, , 7.58% gc time7.64% gc time))


8925.415799 seconds (13.40 G allocations: 3.862 TiB, 7.48% gc time)
